15.4 -0.378928 
0.246678 -0.0412465 
0.168124 -0.113462 
0.0621033 -0.211412 
0.112134 -0.102134 
0.215628 -0.0236178 
15.4 -0.015456 
15.4 -0.136613 
15.4 -0.257771 
15.2581 -0.405205 
15.1162 -0.431554 
14.9743 -0.458048 
14.8324 -0.484719 
14.6906 -0.511377 
14.5486 -0.537758 
14.4066 -0.563599 
14.2645 -0.588895 
14.1225 -0.614323 
13.9804 -0.639817 
13.8383 -0.665182 
13.6961 -0.690226 
13.5539 -0.714814 
13.4116 -0.738921 
13.2692 -0.762529 
13.1267 -0.785624 
12.9841 -0.808188 
12.8415 -0.830207 
12.6987 -0.851664 
12.5559 -0.872543 
12.413 -0.892829 
12.27 -0.912505 
12.1269 -0.931562 
11.9837 -0.949989 
11.8404 -0.967779 
11.6971 -0.984923 
11.5537 -1.00141 
11.4102 -1.01723 
11.2667 -1.03239 
11.123 -1.04686 
10.9794 -1.06063 
10.8356 -1.07372 
10.6918 -1.08611 
10.5479 -1.09781 
10.404 -1.10884 
10.2592 -1.11925 
10.1134 -1.12905 
9.96636 -1.13824 
9.81827 -1.14681 
9.66916 -1.15475 
9.51908 -1.16207 
9.36808 -1.16874 
9.21626 -1.17478 
9.06367 -1.18017 
8.9104 -1.18491 
8.75653 -1.18901 
8.60213 -1.19247 
8.44729 -1.19529 
8.29209 -1.19748 
8.1366 -1.19904 
7.98091 -1.2 
7.8251 -1.20036 
7.66924 -1.20012 
7.51342 -1.19931 
7.35771 -1.19794 
7.20217 -1.19603 
7.04689 -1.1936 
6.89191 -1.19066 
6.73732 -1.18722 
6.58316 -1.18331 
6.4295 -1.17892 
6.2764 -1.17406 
6.12391 -1.16875 
5.97208 -1.16299 
5.82096 -1.15679 
5.6706 -1.15016 
5.52105 -1.14311 
5.37235 -1.13563 
5.22453 -1.12771 
5.07762 -1.11934 
4.93166 -1.11052 
4.78666 -1.10124 
4.64256 -1.09149 
4.49859 -1.0812 
4.35466 -1.07037 
4.21078 -1.05904 
4.06692 -1.04725 
3.9231 -1.03505 
3.77931 -1.02247 
3.63553 -1.00956 
3.49178 -0.996359 
3.34804 -0.982883 
3.20434 -0.968967 
3.06072 -0.954374 
2.91721 -0.938869 
2.77384 -0.922217 
2.63064 -0.904181 
2.48764 -0.884617 
2.34476 -0.864148 
2.20187 -0.843665 
2.05903 -0.822963 
1.91633 -0.801265 
1.77383 -0.778282 
1.63152 -0.754168 
1.48945 -0.728533 
1.34768 -0.701373 
1.20629 -0.672161 
1.12645 -0.639683 
1.06581 -0.591087 
1.01884 -0.533388 
0.985804 -0.468673 
0.967298 -0.398619 
0.963505 -0.326456 
0.973076 -0.254513 
0.994367 -0.181694 
1.02561 -0.109816 
20.0335 -0.585231 
19.8977 -0.536742 
19.7622 -0.48707 
19.6288 -0.431036 
19.5016 -0.362307 
19.3878 -0.273771 
19.2907 -0.166347 
19.2343 -0.0824013 
19.2006 -0.0136433 
19.2822 -239.205 
24.812 -3.21197 
24.8762 -3.10067 
24.7569 -3.16528 
24.7019 -3.11858 
24.5916 -3.02547 
24.4801 -2.93382 
24.3667 -2.84446 
24.252 -2.7569 
24.1363 -2.67063 
24.0197 -2.58546 
23.9024 -2.50139 
23.7842 -2.41853 
23.6651 -2.33704 
23.5449 -2.25707 
23.4236 -2.17877 
23.3013 -2.1022 
23.1778 -2.02737 
23.0534 -1.95423 
22.9281 -1.88264 
22.8019 -1.81242 
22.6751 -1.74348 
22.5477 -1.67574 
22.4196 -1.60914 
22.291 -1.54366 
22.1617 -1.47933 
22.032 -1.41614 
21.9016 -1.35409 
21.7708 -1.29314 
21.6395 -1.23328 
21.5076 -1.17446 
21.3754 -1.11664 
21.2427 -1.05975 
21.1097 -1.00378 
20.9763 -0.948664 
20.8425 -0.89438 
20.7084 -0.840921 
20.574 -0.788289 
20.4393 -0.736451 
20.3044 -0.685319 
20.1691 -0.63484 
21.1496 -0.0633634 
21.2753 -0.134333 
21.3998 -0.207375 
21.5232 -0.282352 
21.6454 -0.359145 
21.7665 -0.437644 
21.8866 -0.517758 
22.0056 -0.599484 
22.1234 -0.682849 
22.2401 -0.767841 
22.3557 -0.85431 
22.4703 -0.942078 
22.584 -1.03093 
22.6972 -1.12057 
22.8099 -1.21066 
22.9225 -1.30101 
23.0347 -1.39177 
23.1465 -1.48315 
23.2576 -1.57529 
23.368 -1.66824 
23.4777 -1.76203 
23.5867 -1.8567 
23.6949 -1.95227 
23.8022 -2.04876 
23.9087 -2.14623 
24.0142 -2.24477 
24.1186 -2.34439 
24.222 -2.44508 
24.3245 -2.5467 
24.4265 -2.64883 
24.5284 -2.7511 
24.6303 -2.85336 
24.7123 -2.93576 
24.7669 -2.99074 
24.8215 -3.04572 
24.8489 -3.07321 
24.8441 -3.15632 
76.1803 -227.462 
128.546 -202.745 
172.845 -167.311 
205.826 -123.711 
222.43 -84.7728 
232.779 -43.076 
0.413864 0.112626 
0.413864 0.112626 
0.413864 0.112626 
0.413864 0.112626 
0.413864 0.112626 
0.413864 0.112626 
0.413864 0.112626 
0.413864 0.112626 
0.413864 0.112626 
0.413864 0.112626 
0.413864 0.112626 
0.413864 0.112626 
0.413864 0.112626 
0.413864 0.112626 
0.413864 0.112626 
0.413864 0.112626 
0.413864 0.112626 
0.413864 0.112626 
0.413864 0.112626 
0.413864 0.112626 
0.413864 0.112626 
0.413864 0.112626 
0.413864 0.112626 
0.413864 0.112626 
0.413864 0.112626 
0.413864 0.112626 
0.413864 0.112626 
0.413864 0.112626 
0.413864 0.112626 
0.413864 0.112626 
0.413864 0.112626 
0.413864 0.112626 
0.413864 0.112626 
0.413864 0.112626 
0.413864 0.112626 
0.413864 0.112626 
0.413864 0.112626 
0.413864 0.112626 
0.413864 0.112626 
0.413864 0.112626 
0.413864 0.112626 
0.413864 0.112626 
0.413864 0.112626 
0.413864 0.112626 
0.413864 0.112626 
0.413864 0.112626 
0.413864 0.112626 
0.413864 0.112626 
0.413864 0.112626 
0.413864 0.112626 
0.413864 0.112626 
0.413864 0.112626 
0.413864 0.112626 
0.413864 0.112626 
0.413864 0.112626 
0.413864 0.112626 
0.413864 0.112626 
0.413864 0.112626 
0.413864 0.112626 
0.413864 0.112626 
0.413864 0.112626 
0.413864 0.112626 
0.413864 0.112626 
0.413864 0.112626 
0.413864 0.112626 
0.413864 0.112626 
0.413864 0.112626 
0.413864 0.112626 
0.413864 0.112626 
0.413864 0.112626 
0.413864 0.112626 
0.413864 0.112626 
0.413864 0.112626 
0.413864 0.112626 
0.413864 0.112626 
0.413864 0.112626 
0.413864 0.112626 
0.413864 0.112626 
0.413864 0.112626 
0.413864 0.112626 
0.413864 0.112626 
0.413864 0.112626 
0.413864 0.112626 
0.413864 0.112626 
0.413864 0.112626 
0.413864 0.112626 
0.413864 0.112626 
0.413864 0.112626 
0.413864 0.112626 
0.413864 0.112626 
0.413864 0.112626 
0.413864 0.112626 
0.413864 0.112626 
0.413864 0.112626 
0.413864 0.112626 
0.413864 0.112626 
0.413864 0.112626 
0.413864 0.112626 
0.413864 0.112626 
0.413864 0.112626 
0.413864 0.112626 
0.413864 0.112626 
0.413864 0.112626 
0.413864 0.112626 
0.413864 0.112626 
0.413864 0.112626 
0.413864 0.112626 
0.413864 0.112626 
0.413864 0.112626 
0.413864 0.112626 
0.413864 0.112626 
0.413864 0.112626 
0.413864 0.112626 
0.413864 0.112626 
0.413864 0.112626 
0.413864 0.112626 
0.413864 0.112626 
0.413864 0.112626 
0.413864 0.112626 
0.413864 0.112626 
0.413864 0.112626 
0.413864 0.112626 
0.413864 0.112626 
0.413864 0.112626 
0.413864 0.112626 
0.413864 0.112626 
0.413864 0.112626 
0.413864 0.112626 
0.413864 0.112626 
0.413864 0.112626 
0.413864 0.112626 
0.413864 0.112626 
0.413864 0.112626 
0.413864 0.112626 
0.413864 0.112626 
0.413864 0.112626 
0.413864 0.112626 
0.413864 0.112626 
0.413864 0.112626 
0.413864 0.112626 
0.413864 0.112626 
0.413864 0.112626 
0.413864 0.112626 
0.413864 0.112626 
0.413864 0.112626 
0.413864 0.112626 
0.413864 0.112626 
0.413864 0.112626 
0.413864 0.112626 
0.413864 0.112626 
0.413864 0.112626 
0.413864 0.112626 
0.413864 0.112626 
0.413864 0.112626 
0.413864 0.112626 
0.413864 0.112626 
0.413864 0.112626 
0.413864 0.112626 
0.413864 0.112626 
0.413864 0.112626 
0.413864 0.112626 
0.413864 0.112626 
0.413864 0.112626 
0.413864 0.112626 
0.413864 0.112626 
0.413864 0.112626 
0.413864 0.112626 
0.413864 0.112626 
0.413864 0.112626 
0.413864 0.112626 
0.413864 0.112626 
0.413864 0.112626 
0.413864 0.112626 
0.413864 0.112626 
0.413864 0.112626 
0.413864 0.112626 
0.413864 0.112626 
0.413864 0.112626 
0.413864 0.112626 
0.413864 0.112626 
0.413864 0.112626 
0.413864 0.112626 
0.413864 0.112626 
0.413864 0.112626 
0.413864 0.112626 
0.413864 0.112626 
0.413864 0.112626 
0.413864 0.112626 
0.413864 0.112626 
0.413864 0.112626 
0.413864 0.112626 
0.413864 0.112626 
0.413864 0.112626 
0.413864 0.112626 
0.413864 0.112626 
0.413864 0.112626 
0.413864 0.112626 
0.413864 0.112626 
0.413864 0.112626 
0.413864 0.112626 
0.413864 0.112626 
0.413864 0.112626 
0.413864 0.112626 
0.413864 0.112626 
0.413864 0.112626 
0.413864 0.112626 
0.413864 0.112626 
0.413864 0.112626 
0.413864 0.112626 
0.413864 0.112626 
0.413864 0.112626 
0.413864 0.112626 
0.413864 0.112626 
0.413864 0.112626 
0.413864 0.112626 
0.413864 0.112626 
0.413864 0.112626 
0.413864 0.112626 
0.413864 0.112626 
0.413864 0.112626 
0.413864 0.112626 
0.413864 0.112626 
0.413864 0.112626 
0.413864 0.112626 
0.413864 0.112626 
0.413864 0.112626 
0.413864 0.112626 
0.413864 0.112626 
0.413864 0.112626 
0.413864 0.112626 
0.413864 0.112626 
0.413864 0.112626 
0.413864 0.112626 
0.413864 0.112626 
0.413864 0.112626 
0.413864 0.112626 
0.413864 0.112626 
0.413864 0.112626 
0.413864 0.112626 
0.413864 0.112626 
0.413864 0.112626 
0.413864 0.112626 
0.413864 0.112626 
0.413864 0.112626 
0.413864 0.112626 
0.413864 0.112626 
0.413864 0.112626 
0.413864 0.112626 
0.413864 0.112626 
0.413864 0.112626 
0.413864 0.112626 
0.413864 0.112626 
0.413864 0.112626 
0.413864 0.112626 
0.413864 0.112626 
0.413864 0.112626 
0.413864 0.112626 
0.413864 0.112626 
0.413864 0.112626 
0.413864 0.112626 
0.413864 0.112626 
0.413864 0.112626 
0.413864 0.112626 
0.413864 0.112626 
0.413864 0.112626 
0.413864 0.112626 
0.413864 0.112626 
0.413864 0.112626 
0.413864 0.112626 
0.413864 0.112626 
0.413864 0.112626 
0.413864 0.112626 
0.413864 0.112626 
0.413864 0.112626 
0.413864 0.112626 
0.413864 0.112626 
0.413864 0.112626 
0.413864 0.112626 
0.413864 0.112626 
0.413864 0.112626 
0.413864 0.112626 
0.413864 0.112626 
0.413864 0.112626 
0.413864 0.112626 
0.413864 0.112626 
0.413864 0.112626 
0.413864 0.112626 
0.413864 0.112626 
0.413864 0.112626 
0.413864 0.112626 
0.413864 0.112626 
