Dims 2 DFs 4 nbface 32
0
0 0.46194 0.5 0.382685 0
1 0.353553 0.46194 0.707107 0.382685
2 0.191342 0.353553 0.923879 0.707107
3 -2.18557e-08 0.191342 1 0.923879
4 -0.191342 -2.18557e-08 0.923879 1
5 -0.353553 -0.191342 0.707107 0.923879
6 -0.46194 -0.353553 0.382685 0.707107
7 -0.5 -0.46194 0 0.382685
8 -0.46194 -0.5 -0.382685 0
9 -0.353553 -0.46194 -0.707107 -0.382685
10 -0.191342 -0.353553 -0.923879 -0.707107
11 6.55671e-08 -0.191342 -1 -0.923879
12 0.191342 6.55671e-08 -0.923879 -1
13 0.353553 0.191342 -0.707107 -0.923879
14 0.46194 0.353553 -0.382685 -0.707107
15 0.5 0.46194 0 -0.382685
16 0 0 0 0
17 0 0 0 0
18 0 0 0 0
19 0 0 0 0
20 0 0 0 0
21 0 0 0 0
22 0 0 0 0
23 0 0 0 0
24 0 0 0 0
25 0 0 0 0
26 0 0 0 0
27 0 0 0 0
28 0 0 0 0
29 0 0 0 0
30 0 0 0 0
31 0 0 0 0
1
0 0.191342 0 -0.923879 -1
1 0.353553 0.191342 -0.707107 -0.923879
2 0.46194 0.353553 -0.382685 -0.707107
3 0.5 0.46194 0 -0.382685
4 0.46194 0.5 0.382685 0
5 0.353553 0.46194 0.707107 0.382685
6 0.191342 0.353553 0.923879 0.707107
7 -4.37114e-08 0.191342 1 0.923879
8 -0.191342 -4.37114e-08 0.923879 1
9 -0.353553 -0.191342 0.707107 0.923879
10 -0.46194 -0.353553 0.382685 0.707107
11 -0.5 -0.46194 0 0.382685
12 -0.46194 -0.5 -0.382685 0
13 -0.353553 -0.46194 -0.707107 -0.382685
14 -0.191342 -0.353553 -0.923879 -0.707107
15 0 -0.191342 -1 -0.923879
16 0 0 0 0
17 0 0 0 0
18 0 0 0 0
19 0 0 0 0
20 0 0 0 0
21 0 0 0 0
22 0 0 0 0
23 0 0 0 0
24 0 0 0 0
25 0 0 0 0
26 0 0 0 0
27 0 0 0 0
28 0 0 0 0
29 0 0 0 0
30 0 0 0 0
31 0 0 0 0
