Dims 2 DFs 4 nbface 480
0
224 0 0 0 0
352 1 0.995782 -0.990137 -0.990196
353 0.995782 0.990924 -0.990196 -0.990313
354 0.990924 0.985337 -0.990313 -0.990446
355 0.985337 0.978921 -0.990446 -0.990596
356 0.978921 0.971568 -0.990596 -0.990764
357 0.971568 0.963157 -0.990764 -0.990951
358 0.963157 0.95356 -0.990951 -0.991158
359 0.95356 0.942641 -0.991158 -0.991386
360 0.942641 0.930255 -0.991386 -0.991636
361 0.930255 0.916256 -0.991636 -0.991908
362 0.916256 0.900496 -0.991908 -0.992201
363 0.900496 0.882836 -0.992201 -0.992515
364 0.882836 0.863146 -0.992515 -0.99285
365 0.863146 0.841316 -0.99285 -0.993203
366 0.841316 0.817266 -0.993203 -0.993576
367 0.817266 0.790952 -0.993576 -0.993967
368 0.790952 0.762378 -0.993967 -0.994375
369 0.762378 0.731603 -0.994375 -0.994803
370 0.731603 0.69875 -0.994803 -0.99525
371 0.69875 0.664007 -0.99525 -0.995718
372 0.664007 0.627628 -0.995718 -0.996209
373 0.627628 0.589933 -0.996209 -0.996722
374 0.589933 0.551292 -0.996722 -0.997253
375 0.551292 0.512117 -0.997253 -0.997796
376 0.512117 0.472843 -0.997796 -0.998336
377 0.472843 0.433912 -0.998336 -0.998853
378 0.433912 0.395749 -0.998853 -0.999318
379 0.395749 0.358747 -0.999318 -0.999694
380 0.358747 0.323253 -0.999694 -0.999936
381 0.323253 0.289554 -0.999936 -0.999994
382 0.289554 0.257873 -0.999994 -0.999812
383 0.257873 0.228367 -0.999812 -0.999328
384 0.228367 0.201125 -0.999328 -0.99848
385 0.201125 0.17618 -0.99848 -0.997197
386 0.17618 0.153511 -0.997197 -0.995401
387 0.153511 0.133057 -0.995401 -0.993005
388 0.133057 0.114722 -0.993005 -0.989905
389 0.114722 0.0983855 -0.989905 -0.985972
390 0.0983855 0.0839123 -0.985972 -0.981052
391 0.0839123 0.0711583 -0.981052 -0.974946
392 0.0711583 0.0599767 -0.974946 -0.967409
393 0.0599767 0.0502224 -0.967409 -0.958129
394 0.0502224 0.0417559 -0.958129 -0.94672
395 0.0417559 0.0344451 -0.94672 -0.9327
396 0.0344451 0.0281672 -0.9327 -0.915486
397 0.0281672 0.0228094 -0.915486 -0.894383
398 0.0228094 0.0182689 -0.894383 -0.868596
399 0.0182689 0.0144522 -0.868596 -0.837273
400 0.0144522 0.0112752 -0.837273 -0.799583
401 0.0112752 0.00866098 -0.799583 -0.754893
402 0.00866098 0.00653926 -0.754893 -0.702944
403 0.00653926 0.00484455 -0.702944 -0.644088
404 0.00484455 0.00351532 -0.644088 -0.57946
405 0.00351532 0.00249343 -0.57946 -0.510949
406 0.00249343 0.00172462 -0.510949 -0.440958
407 0.00172462 0.00115919 -0.440958 -0.372009
408 0.00115919 0.000753189 -0.372009 -0.306312
409 0.000753189 0.000469128 -0.306312 -0.245484
410 0.000469128 0.000276236 -0.245484 -0.190462
411 0.000276236 0.000150079 -0.190462 -0.141585
412 0.000150079 7.18033e-05 -0.141585 -0.0987447
413 7.18033e-05 2.72128e-05 -0.0987447 -0.06155
414 2.72128e-05 5.81861e-06 -0.06155 -0.0294669
415 5.81861e-06 0 -0.0294669 0
416 0 5.81861e-06 0 0.0294669
417 5.81861e-06 2.72128e-05 0.0294669 0.06155
418 2.72128e-05 7.18033e-05 0.06155 0.0987447
419 7.18033e-05 0.000150079 0.0987447 0.141585
420 0.000150079 0.000276236 0.141585 0.190462
421 0.000276236 0.000469128 0.190462 0.245484
422 0.000469128 0.000753189 0.245484 0.306312
423 0.000753189 0.00115919 0.306312 0.372009
424 0.00115919 0.00172462 0.372009 0.440958
425 0.00172462 0.00249343 0.440958 0.510949
426 0.00249343 0.00351532 0.510949 0.57946
427 0.00351532 0.00484455 0.57946 0.644088
428 0.00484455 0.00653926 0.644088 0.702944
429 0.00653926 0.00866098 0.702944 0.754893
430 0.00866098 0.0112752 0.754893 0.799583
431 0.0112752 0.0144522 0.799583 0.837273
432 0.0144522 0.0182689 0.837273 0.868596
433 0.0182689 0.0228094 0.868596 0.894383
434 0.0228094 0.0281672 0.894383 0.915486
435 0.0281672 0.0344451 0.915486 0.9327
436 0.0344451 0.0417559 0.9327 0.94672
437 0.0417559 0.0502224 0.94672 0.958129
438 0.0502224 0.0599767 0.958129 0.967409
439 0.0599767 0.0711583 0.967409 0.974946
440 0.0711583 0.0839123 0.974946 0.981052
441 0.0839123 0.0983855 0.981052 0.985972
442 0.0983855 0.114722 0.985972 0.989905
443 0.114722 0.133057 0.989905 0.993005
444 0.133057 0.153511 0.993005 0.995401
445 0.153511 0.17618 0.995401 0.997197
446 0.17618 0.201125 0.997197 0.99848
447 0.201125 0.228367 0.99848 0.999328
448 0.228367 0.257873 0.999328 0.999812
449 0.257873 0.289554 0.999812 0.999994
450 0.289554 0.323253 0.999994 0.999936
451 0.323253 0.358747 0.999936 0.999694
452 0.358747 0.395749 0.999694 0.999318
453 0.395749 0.433912 0.999318 0.998853
454 0.433912 0.472843 0.998853 0.998336
455 0.472843 0.512117 0.998336 0.997796
456 0.512117 0.551292 0.997796 0.997253
457 0.551292 0.589933 0.997253 0.996722
458 0.589933 0.627628 0.996722 0.996209
459 0.627628 0.664007 0.996209 0.995718
460 0.664007 0.69875 0.995718 0.99525
461 0.69875 0.731603 0.99525 0.994803
462 0.731603 0.762378 0.994803 0.994375
463 0.762378 0.790952 0.994375 0.993967
464 0.790952 0.817266 0.993967 0.993576
465 0.817266 0.841316 0.993576 0.993203
466 0.841316 0.863146 0.993203 0.99285
467 0.863146 0.882836 0.99285 0.992515
468 0.882836 0.900496 0.992515 0.992201
469 0.900496 0.916256 0.992201 0.991908
470 0.916256 0.930255 0.991908 0.991636
471 0.930255 0.942641 0.991636 0.991386
472 0.942641 0.95356 0.991386 0.991158
473 0.95356 0.963157 0.991158 0.990951
474 0.963157 0.971568 0.990951 0.990764
475 0.971568 0.978921 0.990764 0.990596
476 0.978921 0.985337 0.990596 0.990446
477 0.985337 0.990924 0.990446 0.990313
478 0.990924 0.995782 0.990313 0.990197
479 0.995782 1 0.990197 0.99014
288 0 0 0 0
225 0 0 0 0
289 0 0 0 0
226 0 0 0 0
290 0 0 0 0
227 0 0 0 0
291 0 0 0 0
228 0 0 0 0
292 0 0 0 0
229 0 0 0 0
293 0 0 0 0
230 0 0 0 0
294 0 0 0 0
231 0 0 0 0
295 0 0 0 0
232 0 0 0 0
296 0 0 0 0
233 0 0 0 0
297 0 0 0 0
234 0 0 0 0
298 0 0 0 0
235 0 0 0 0
299 0 0 0 0
236 0 0 0 0
300 0 0 0 0
237 0 0 0 0
301 0 0 0 0
238 0 0 0 0
302 0 0 0 0
239 0 0 0 0
303 0 0 0 0
240 0 0 0 0
304 0 0 0 0
241 0 0 0 0
305 0 0 0 0
242 0 0 0 0
306 0 0 0 0
243 0 0 0 0
307 0 0 0 0
244 0 0 0 0
308 0 0 0 0
245 0 0 0 0
309 0 0 0 0
246 0 0 0 0
310 0 0 0 0
247 0 0 0 0
311 0 0 0 0
248 0 0 0 0
312 0 0 0 0
249 0 0 0 0
313 0 0 0 0
250 0 0 0 0
314 0 0 0 0
251 0 0 0 0
315 0 0 0 0
252 0 0 0 0
316 0 0 0 0
253 0 0 0 0
317 0 0 0 0
254 0 0 0 0
318 0 0 0 0
255 0 0 0 0
319 0 0 0 0
256 0 0 0 0
320 0 0 0 0
257 0 0 0 0
321 0 0 0 0
258 0 0 0 0
322 0 0 0 0
259 0 0 0 0
323 0 0 0 0
260 0 0 0 0
324 0 0 0 0
261 0 0 0 0
325 0 0 0 0
262 0 0 0 0
326 0 0 0 0
263 0 0 0 0
327 0 0 0 0
264 0 0 0 0
328 0 0 0 0
265 0 0 0 0
329 0 0 0 0
266 0 0 0 0
330 0 0 0 0
267 0 0 0 0
331 0 0 0 0
268 0 0 0 0
332 0 0 0 0
269 0 0 0 0
333 0 0 0 0
270 0 0 0 0
334 0 0 0 0
271 0 0 0 0
335 0 0 0 0
272 0 0 0 0
336 0 0 0 0
273 0 0 0 0
337 0 0 0 0
274 0 0 0 0
338 0 0 0 0
275 0 0 0 0
339 0 0 0 0
276 0 0 0 0
340 0 0 0 0
277 0 0 0 0
341 0 0 0 0
278 0 0 0 0
342 0 0 0 0
279 0 0 0 0
343 0 0 0 0
280 0 0 0 0
344 0 0 0 0
281 0 0 0 0
345 0 0 0 0
282 0 0 0 0
346 0 0 0 0
283 0 0 0 0
347 0 0 0 0
284 0 0 0 0
348 0 0 0 0
285 0 0 0 0
349 0 0 0 0
286 0 0 0 0
350 0 0 0 0
0 0 0 0 0
287 0 0 0 0
1 0 0 0 0
2 0 0 0 0
3 0 0 0 0
4 0 0 0 0
5 0 0 0 0
6 0 0 0 0
7 0 0 0 0
8 0 0 0 0
9 0 0 0 0
10 0 0 0 0
11 0 0 0 0
12 0 0 0 0
13 0 0 0 0
14 0 0 0 0
15 0 0 0 0
16 0 0 0 0
17 0 0 0 0
18 0 0 0 0
19 0 0 0 0
20 0 0 0 0
21 0 0 0 0
22 0 0 0 0
23 0 0 0 0
24 0 0 0 0
25 0 0 0 0
26 0 0 0 0
27 0 0 0 0
28 0 0 0 0
29 0 0 0 0
30 0 0 0 0
31 0 0 0 0
32 0 0 0 0
33 0 0 0 0
34 0 0 0 0
35 0 0 0 0
36 0 0 0 0
37 0 0 0 0
38 0 0 0 0
39 0 0 0 0
40 0 0 0 0
41 0 0 0 0
42 0 0 0 0
43 0 0 0 0
44 0 0 0 0
45 0 0 0 0
46 0 0 0 0
47 0 0 0 0
48 0 0 0 0
49 0 0 0 0
50 0 0 0 0
51 0 0 0 0
52 0 0 0 0
53 0 0 0 0
54 0 0 0 0
55 0 0 0 0
56 0 0 0 0
57 0 0 0 0
58 0 0 0 0
59 0 0 0 0
60 0 0 0 0
61 0 0 0 0
62 0 0 0 0
63 0 0 0 0
64 0 0 0 0
65 0 0 0 0
66 0 0 0 0
67 0 0 0 0
68 0 0 0 0
69 0 0 0 0
70 0 0 0 0
71 0 0 0 0
72 0 0 0 0
73 0 0 0 0
74 0 0 0 0
75 0 0 0 0
76 0 0 0 0
77 0 0 0 0
78 0 0 0 0
79 0 0 0 0
80 0 0 0 0
81 0 0 0 0
82 0 0 0 0
83 0 0 0 0
84 0 0 0 0
85 0 0 0 0
86 0 0 0 0
87 0 0 0 0
88 0 0 0 0
89 0 0 0 0
90 0 0 0 0
91 0 0 0 0
92 0 0 0 0
93 0 0 0 0
94 0 0 0 0
95 0 0 0 0
96 0 0 0 0
97 0 0 0 0
98 0 0 0 0
99 0 0 0 0
100 0 0 0 0
101 0 0 0 0
102 0 0 0 0
103 0 0 0 0
104 0 0 0 0
105 0 0 0 0
106 0 0 0 0
107 0 0 0 0
108 0 0 0 0
109 0 0 0 0
110 0 0 0 0
111 0 0 0 0
112 0 0 0 0
113 0 0 0 0
114 0 0 0 0
115 0 0 0 0
116 0 0 0 0
117 0 0 0 0
118 0 0 0 0
119 0 0 0 0
120 0 0 0 0
121 0 0 0 0
122 0 0 0 0
123 0 0 0 0
124 0 0 0 0
125 0 0 0 0
126 0 0 0 0
127 0 0 0 0
128 0 0 0 0
129 0 0 0 0
130 0 0 0 0
131 0 0 0 0
132 0 0 0 0
133 0 0 0 0
134 0 0 0 0
135 0 0 0 0
136 0 0 0 0
137 0 0 0 0
138 0 0 0 0
139 0 0 0 0
140 0 0 0 0
141 0 0 0 0
142 0 0 0 0
143 0 0 0 0
144 0 0 0 0
145 0 0 0 0
146 0 0 0 0
147 0 0 0 0
148 0 0 0 0
149 0 0 0 0
150 0 0 0 0
151 0 0 0 0
152 0 0 0 0
153 0 0 0 0
154 0 0 0 0
155 0 0 0 0
156 0 0 0 0
157 0 0 0 0
158 0 0 0 0
159 0 0 0 0
160 0 0 0 0
161 0 0 0 0
162 0 0 0 0
163 0 0 0 0
164 0 0 0 0
165 0 0 0 0
166 0 0 0 0
167 0 0 0 0
168 0 0 0 0
169 0 0 0 0
170 0 0 0 0
171 0 0 0 0
172 0 0 0 0
173 0 0 0 0
174 0 0 0 0
175 0 0 0 0
176 0 0 0 0
177 0 0 0 0
178 0 0 0 0
179 0 0 0 0
180 0 0 0 0
181 0 0 0 0
182 0 0 0 0
183 0 0 0 0
184 0 0 0 0
185 0 0 0 0
186 0 0 0 0
187 0 0 0 0
188 0 0 0 0
189 0 0 0 0
190 0 0 0 0
191 0 0 0 0
192 0 0 0 0
193 0 0 0 0
194 0 0 0 0
195 0 0 0 0
196 0 0 0 0
197 0 0 0 0
198 0 0 0 0
199 0 0 0 0
200 0 0 0 0
201 0 0 0 0
202 0 0 0 0
203 0 0 0 0
204 0 0 0 0
205 0 0 0 0
206 0 0 0 0
207 0 0 0 0
208 0 0 0 0
209 0 0 0 0
210 0 0 0 0
211 0 0 0 0
212 0 0 0 0
213 0 0 0 0
214 0 0 0 0
215 0 0 0 0
216 0 0 0 0
217 0 0 0 0
218 0 0 0 0
219 0 0 0 0
220 0 0 0 0
221 0 0 0 0
222 0 0 0 0
351 0 0 0 0
223 0 0 0 0
1
224 0 0 0 0
352 5.3522e-08 -0.000596789 -0.140106 -0.139688
353 -0.000596789 -0.00128029 -0.139688 -0.138851
354 -0.00128029 -0.00206129 -0.138851 -0.137898
355 -0.00206129 -0.00295145 -0.137898 -0.136818
356 -0.00295145 -0.00396307 -0.136818 -0.135598
357 -0.00396307 -0.00510898 -0.135598 -0.134225
358 -0.00510898 -0.00640218 -0.134225 -0.132687
359 -0.00640218 -0.00785548 -0.132687 -0.130971
360 -0.00785548 -0.00948102 -0.130971 -0.129065
361 -0.00948102 -0.0112896 -0.129065 -0.126961
362 -0.0112896 -0.01329 -0.126961 -0.12465
363 -0.01329 -0.0154881 -0.12465 -0.122123
364 -0.0154881 -0.0178858 -0.122123 -0.119373
365 -0.0178858 -0.0204802 -0.119373 -0.116392
366 -0.0204802 -0.0232624 -0.116392 -0.113168
367 -0.0232624 -0.0262166 -0.113168 -0.109684
368 -0.0262166 -0.0293192 -0.109684 -0.105915
369 -0.0293192 -0.0325381 -0.105915 -0.101823
370 -0.0325381 -0.0358319 -0.101823 -0.0973548
371 -0.0358319 -0.0391503 -0.0973548 -0.0924402
372 -0.0391503 -0.0424346 -0.0924402 -0.0869912
373 -0.0424346 -0.0456186 -0.0869912 -0.0809043
374 -0.0456186 -0.0486309 -0.0809043 -0.0740651
375 -0.0486309 -0.0513979 -0.0740651 -0.0663547
376 -0.0513979 -0.0538478 -0.0663547 -0.0576582
377 -0.0538478 -0.0559146 -0.0576582 -0.0478737
378 -0.0559146 -0.0575429 -0.0478737 -0.0369186
379 -0.0575429 -0.0586915 -0.0369186 -0.0247346
380 -0.0586915 -0.0593366 -0.0247346 -0.011289
381 -0.0593366 -0.0594727 -0.011289 0.00342832
382 -0.0594727 -0.0591124 0.00342832 0.0194109
383 -0.0591124 -0.0582847 0.0194109 0.0366444
384 -0.0582847 -0.0570315 0.0366444 0.0551163
385 -0.0570315 -0.055404 0.0551163 0.0748263
386 -0.055404 -0.0534588 0.0748263 0.0957947
387 -0.0534588 -0.051254 0.0957947 0.11807
388 -0.051254 -0.0488466 0.11807 0.141735
389 -0.0488466 -0.0462897 0.141735 0.166908
390 -0.0462897 -0.0436311 0.166908 0.193745
391 -0.0436311 -0.0409126 0.193745 0.22244
392 -0.0409126 -0.03817 0.22244 0.253219
393 -0.03817 -0.0354327 0.253219 0.286336
394 -0.0354327 -0.0327247 0.286336 0.322059
395 -0.0327247 -0.0300655 0.322059 0.360652
396 -0.0300655 -0.0274703 0.360652 0.402349
397 -0.0274703 -0.0249517 0.402349 0.447303
398 -0.0249517 -0.0225199 0.447303 0.495521
399 -0.0225199 -0.020184 0.495521 0.546786
400 -0.020184 -0.0179526 0.546786 0.600555
401 -0.0179526 -0.0158343 0.600555 0.655848
402 -0.0158343 -0.0138381 0.655848 0.711246
403 -0.0138381 -0.0119728 0.711246 0.764951
404 -0.0119728 -0.0102467 0.764951 0.815001
405 -0.0102467 -0.00866602 0.815001 0.859611
406 -0.00866602 -0.00723408 0.859611 0.897528
407 -0.00723408 -0.0059503 0.897528 0.928229
408 -0.0059503 -0.00481018 0.928229 0.951931
409 -0.00481018 -0.00380577 0.951931 0.969401
410 -0.00380577 -0.00292672 0.969401 0.981695
411 -0.00292672 -0.0021613 0.981695 0.989926
412 -0.0021613 -0.00149738 0.989926 0.995113
413 -0.00149738 -0.000923102 0.995113 0.998104
414 -0.000923102 -0.000427359 0.998104 0.999566
415 -0.000427359 0 0.999566 1
416 0 0.000427359 1 0.999566
417 0.000427359 0.000923102 0.999566 0.998104
418 0.000923102 0.00149738 0.998104 0.995113
419 0.00149738 0.0021613 0.995113 0.989926
420 0.0021613 0.00292672 0.989926 0.981695
421 0.00292672 0.00380577 0.981695 0.969401
422 0.00380577 0.00481018 0.969401 0.951931
423 0.00481018 0.0059503 0.951931 0.928229
424 0.0059503 0.00723408 0.928229 0.897528
425 0.00723408 0.00866602 0.897528 0.859611
426 0.00866602 0.0102467 0.859611 0.815001
427 0.0102467 0.0119728 0.815001 0.764951
428 0.0119728 0.0138381 0.764951 0.711246
429 0.0138381 0.0158343 0.711246 0.655848
430 0.0158343 0.0179526 0.655848 0.600555
431 0.0179526 0.020184 0.600555 0.546786
432 0.020184 0.0225199 0.546786 0.495521
433 0.0225199 0.0249517 0.495521 0.447303
434 0.0249517 0.0274703 0.447303 0.402349
435 0.0274703 0.0300655 0.402349 0.360652
436 0.0300655 0.0327247 0.360652 0.322059
437 0.0327247 0.0354327 0.322059 0.286336
438 0.0354327 0.03817 0.286336 0.253219
439 0.03817 0.0409126 0.253219 0.22244
440 0.0409126 0.0436311 0.22244 0.193745
441 0.0436311 0.0462897 0.193745 0.166908
442 0.0462897 0.0488466 0.166908 0.141735
443 0.0488466 0.051254 0.141735 0.11807
444 0.051254 0.0534588 0.11807 0.0957947
445 0.0534588 0.055404 0.0957947 0.0748263
446 0.055404 0.0570315 0.0748263 0.0551163
447 0.0570315 0.0582847 0.0551163 0.0366444
448 0.0582847 0.0591124 0.0366444 0.0194109
449 0.0591124 0.0594727 0.0194109 0.00342832
450 0.0594727 0.0593366 0.00342832 -0.011289
451 0.0593366 0.0586915 -0.011289 -0.0247346
452 0.0586915 0.0575429 -0.0247346 -0.0369186
453 0.0575429 0.0559146 -0.0369186 -0.0478737
454 0.0559146 0.0538478 -0.0478737 -0.0576582
455 0.0538478 0.0513979 -0.0576582 -0.0663547
456 0.0513979 0.0486309 -0.0663547 -0.0740651
457 0.0486309 0.0456186 -0.0740651 -0.0809043
458 0.0456186 0.0424346 -0.0809043 -0.0869912
459 0.0424346 0.0391503 -0.0869912 -0.0924402
460 0.0391503 0.0358319 -0.0924402 -0.0973548
461 0.0358319 0.0325381 -0.0973548 -0.101823
462 0.0325381 0.0293192 -0.101823 -0.105915
463 0.0293192 0.0262166 -0.105915 -0.109684
464 0.0262166 0.0232624 -0.109684 -0.113168
465 0.0232624 0.0204802 -0.113168 -0.116392
466 0.0204802 0.0178858 -0.116392 -0.119373
467 0.0178858 0.0154881 -0.119373 -0.122123
468 0.0154881 0.01329 -0.122123 -0.12465
469 0.01329 0.0112896 -0.12465 -0.126961
470 0.0112896 0.00948102 -0.126961 -0.129065
471 0.00948102 0.00785548 -0.129065 -0.130971
472 0.00785548 0.00640218 -0.130971 -0.132687
473 0.00640218 0.00510898 -0.132687 -0.134225
474 0.00510898 0.00396307 -0.134225 -0.135598
475 0.00396307 0.00295145 -0.135598 -0.136818
476 0.00295145 0.00206129 -0.136818 -0.137898
477 0.00206129 0.00128029 -0.137898 -0.138851
478 0.00128029 0.000596789 -0.138851 -0.139676
479 0.000596789 5.3522e-08 -0.139676 -0.140081
288 0 0 0 0
225 0 0 0 0
289 0 0 0 0
226 0 0 0 0
290 0 0 0 0
227 0 0 0 0
291 0 0 0 0
228 0 0 0 0
292 0 0 0 0
229 0 0 0 0
293 0 0 0 0
230 0 0 0 0
294 0 0 0 0
231 0 0 0 0
295 0 0 0 0
232 0 0 0 0
296 0 0 0 0
233 0 0 0 0
297 0 0 0 0
234 0 0 0 0
298 0 0 0 0
235 0 0 0 0
299 0 0 0 0
236 0 0 0 0
300 0 0 0 0
237 0 0 0 0
301 0 0 0 0
238 0 0 0 0
302 0 0 0 0
239 0 0 0 0
303 0 0 0 0
240 0 0 0 0
304 0 0 0 0
241 0 0 0 0
305 0 0 0 0
242 0 0 0 0
306 0 0 0 0
243 0 0 0 0
307 0 0 0 0
244 0 0 0 0
308 0 0 0 0
245 0 0 0 0
309 0 0 0 0
246 0 0 0 0
310 0 0 0 0
247 0 0 0 0
311 0 0 0 0
248 0 0 0 0
312 0 0 0 0
249 0 0 0 0
313 0 0 0 0
250 0 0 0 0
314 0 0 0 0
251 0 0 0 0
315 0 0 0 0
252 0 0 0 0
316 0 0 0 0
253 0 0 0 0
317 0 0 0 0
254 0 0 0 0
318 0 0 0 0
255 0 0 0 0
319 0 0 0 0
256 0 0 0 0
320 0 0 0 0
257 0 0 0 0
321 0 0 0 0
258 0 0 0 0
322 0 0 0 0
259 0 0 0 0
323 0 0 0 0
260 0 0 0 0
324 0 0 0 0
261 0 0 0 0
325 0 0 0 0
262 0 0 0 0
326 0 0 0 0
263 0 0 0 0
327 0 0 0 0
264 0 0 0 0
328 0 0 0 0
265 0 0 0 0
329 0 0 0 0
266 0 0 0 0
330 0 0 0 0
267 0 0 0 0
331 0 0 0 0
268 0 0 0 0
332 0 0 0 0
269 0 0 0 0
333 0 0 0 0
270 0 0 0 0
334 0 0 0 0
271 0 0 0 0
335 0 0 0 0
272 0 0 0 0
336 0 0 0 0
273 0 0 0 0
337 0 0 0 0
274 0 0 0 0
338 0 0 0 0
275 0 0 0 0
339 0 0 0 0
276 0 0 0 0
340 0 0 0 0
277 0 0 0 0
341 0 0 0 0
278 0 0 0 0
342 0 0 0 0
279 0 0 0 0
343 0 0 0 0
280 0 0 0 0
344 0 0 0 0
281 0 0 0 0
345 0 0 0 0
282 0 0 0 0
346 0 0 0 0
283 0 0 0 0
347 0 0 0 0
284 0 0 0 0
348 0 0 0 0
285 0 0 0 0
349 0 0 0 0
286 0 0 0 0
350 0 0 0 0
0 0 0 0 0
287 0 0 0 0
1 0 0 0 0
2 0 0 0 0
3 0 0 0 0
4 0 0 0 0
5 0 0 0 0
6 0 0 0 0
7 0 0 0 0
8 0 0 0 0
9 0 0 0 0
10 0 0 0 0
11 0 0 0 0
12 0 0 0 0
13 0 0 0 0
14 0 0 0 0
15 0 0 0 0
16 0 0 0 0
17 0 0 0 0
18 0 0 0 0
19 0 0 0 0
20 0 0 0 0
21 0 0 0 0
22 0 0 0 0
23 0 0 0 0
24 0 0 0 0
25 0 0 0 0
26 0 0 0 0
27 0 0 0 0
28 0 0 0 0
29 0 0 0 0
30 0 0 0 0
31 0 0 0 0
32 0 0 0 0
33 0 0 0 0
34 0 0 0 0
35 0 0 0 0
36 0 0 0 0
37 0 0 0 0
38 0 0 0 0
39 0 0 0 0
40 0 0 0 0
41 0 0 0 0
42 0 0 0 0
43 0 0 0 0
44 0 0 0 0
45 0 0 0 0
46 0 0 0 0
47 0 0 0 0
48 0 0 0 0
49 0 0 0 0
50 0 0 0 0
51 0 0 0 0
52 0 0 0 0
53 0 0 0 0
54 0 0 0 0
55 0 0 0 0
56 0 0 0 0
57 0 0 0 0
58 0 0 0 0
59 0 0 0 0
60 0 0 0 0
61 0 0 0 0
62 0 0 0 0
63 0 0 0 0
64 0 0 0 0
65 0 0 0 0
66 0 0 0 0
67 0 0 0 0
68 0 0 0 0
69 0 0 0 0
70 0 0 0 0
71 0 0 0 0
72 0 0 0 0
73 0 0 0 0
74 0 0 0 0
75 0 0 0 0
76 0 0 0 0
77 0 0 0 0
78 0 0 0 0
79 0 0 0 0
80 0 0 0 0
81 0 0 0 0
82 0 0 0 0
83 0 0 0 0
84 0 0 0 0
85 0 0 0 0
86 0 0 0 0
87 0 0 0 0
88 0 0 0 0
89 0 0 0 0
90 0 0 0 0
91 0 0 0 0
92 0 0 0 0
93 0 0 0 0
94 0 0 0 0
95 0 0 0 0
96 0 0 0 0
97 0 0 0 0
98 0 0 0 0
99 0 0 0 0
100 0 0 0 0
101 0 0 0 0
102 0 0 0 0
103 0 0 0 0
104 0 0 0 0
105 0 0 0 0
106 0 0 0 0
107 0 0 0 0
108 0 0 0 0
109 0 0 0 0
110 0 0 0 0
111 0 0 0 0
112 0 0 0 0
113 0 0 0 0
114 0 0 0 0
115 0 0 0 0
116 0 0 0 0
117 0 0 0 0
118 0 0 0 0
119 0 0 0 0
120 0 0 0 0
121 0 0 0 0
122 0 0 0 0
123 0 0 0 0
124 0 0 0 0
125 0 0 0 0
126 0 0 0 0
127 0 0 0 0
128 0 0 0 0
129 0 0 0 0
130 0 0 0 0
131 0 0 0 0
132 0 0 0 0
133 0 0 0 0
134 0 0 0 0
135 0 0 0 0
136 0 0 0 0
137 0 0 0 0
138 0 0 0 0
139 0 0 0 0
140 0 0 0 0
141 0 0 0 0
142 0 0 0 0
143 0 0 0 0
144 0 0 0 0
145 0 0 0 0
146 0 0 0 0
147 0 0 0 0
148 0 0 0 0
149 0 0 0 0
150 0 0 0 0
151 0 0 0 0
152 0 0 0 0
153 0 0 0 0
154 0 0 0 0
155 0 0 0 0
156 0 0 0 0
157 0 0 0 0
158 0 0 0 0
159 0 0 0 0
160 0 0 0 0
161 0 0 0 0
162 0 0 0 0
163 0 0 0 0
164 0 0 0 0
165 0 0 0 0
166 0 0 0 0
167 0 0 0 0
168 0 0 0 0
169 0 0 0 0
170 0 0 0 0
171 0 0 0 0
172 0 0 0 0
173 0 0 0 0
174 0 0 0 0
175 0 0 0 0
176 0 0 0 0
177 0 0 0 0
178 0 0 0 0
179 0 0 0 0
180 0 0 0 0
181 0 0 0 0
182 0 0 0 0
183 0 0 0 0
184 0 0 0 0
185 0 0 0 0
186 0 0 0 0
187 0 0 0 0
188 0 0 0 0
189 0 0 0 0
190 0 0 0 0
191 0 0 0 0
192 0 0 0 0
193 0 0 0 0
194 0 0 0 0
195 0 0 0 0
196 0 0 0 0
197 0 0 0 0
198 0 0 0 0
199 0 0 0 0
200 0 0 0 0
201 0 0 0 0
202 0 0 0 0
203 0 0 0 0
204 0 0 0 0
205 0 0 0 0
206 0 0 0 0
207 0 0 0 0
208 0 0 0 0
209 0 0 0 0
210 0 0 0 0
211 0 0 0 0
212 0 0 0 0
213 0 0 0 0
214 0 0 0 0
215 0 0 0 0
216 0 0 0 0
217 0 0 0 0
218 0 0 0 0
219 0 0 0 0
220 0 0 0 0
221 0 0 0 0
222 0 0 0 0
351 0 0 0 0
223 0 0 0 0
