Dims 2 DFs 4 nbface 24
0
0 0 0 0 0
15 0 0 0 0
1 0 0 0 0
16 2 1 -0.998752 -0.995037
17 3 2 -0.998752 -0.998752
2 0 0 0 0
3 0 0 0 0
18 4 3 -0.995037 -0.998752
4 0 0 0 0
5 0 0 0 0
14 0 0 0 0
23 1 1 0 0
6 0 0 0 0
19 4 4 0 0
12 0 0 0 0
13 0 0 0 0
22 1 2 0.995037 0.998752
11 0 0 0 0
21 2 3 0.998752 0.998752
10 0 0 0 0
20 3 4 0.998752 0.995037
9 0 0 0 0
7 0 0 0 0
8 0 0 0 0
1
0 0 0 0 0
15 0 0 0 0
1 0 0 0 0
16 0.15 0.25 0.0499376 0.0995037
17 0.15 0.15 -0.0499376 0.0499376
2 0 0 0 0
3 0 0 0 0
18 0.25 0.15 -0.0995037 -0.0499376
4 0 0 0 0
5 0 0 0 0
14 0 0 0 0
23 0.25 0.5 1 1
6 0 0 0 0
19 0.5 0.25 -1 -1
12 0 0 0 0
13 0 0 0 0
22 0.5 0.6 0.0995037 0.0499376
11 0 0 0 0
21 0.6 0.6 0.0499376 -0.0499376
10 0 0 0 0
20 0.6 0.5 -0.0499376 -0.0995037
9 0 0 0 0
7 0 0 0 0
8 0 0 0 0
