0 
0 
0 

0 
0 
0 

0 
0 
0 

0 
0 
0 

0 
0 
0 

0 
0 
0 

0 
0 
0 

0 
0 
0 

0 
0 
0 

0 
0 
0 

0 
0 
0 

0 
0 
0 

0 
0 
0 

0 
0 
0 

0 
0 
0 

0 
0 
0 

0 
0 
0 

0 
0 
0 

0 
0 
0 

0 
0 
0 

0 
0 
0 

0 
0 
0 

0 
0 
0 

0 
0 
0 

0 
0 
0 

0 
0 
0 

0 
0 
0 

0 
0 
0 

0 
0 
0 

0 
0 
0 

0 
0 
0 

0 
0 
0 

0 
0 
0 

0 
0 
0 

0 
0 
0 

0 
0 
0 

0 
0 
0 

0 
0 
0 

-60.5536 
-0.850871 
61.0764 

0 
0 
0 

0 
0 
0 

-61.4135 
-0.853279 
61.9352 

0 
0 
0 

0 
0 
0 

0 
0 
0 

0 
0 
0 

0 
0 
0 

0 
0 
0 

0 
0 
0 

0 
0 
0 

0 
0 
0 

0 
0 
0 

0 
0 
0 

0 
0 
0 

0 
0 
0 

0 
0 
0 

0 
0 
0 

0 
0 
0 

0 
0 
0 

0 
0 
0 

0 
0 
0 

0 
0 
0 

0 
0 
0 

0 
0 
0 

0 
0 
0 

0 
0 
0 

0 
0 
0 

0 
0 
0 

0 
0 
0 

0 
0 
0 

0 
0 
0 

0 
0 
0 

0 
0 
0 

0 
0 
0 

0 
0 
0 

0 
0 
0 

0 
0 
0 

0 
0 
0 

0 
0 
0 

0 
0 
0 

0 
0 
0 

0 
0 
0 

0 
0 
0 

0 
0 
0 

0 
0 
0 

0 
0 
0 

0 
0 
0 

0 
0 
0 

0 
0 
0 

0 
0 
0 

0 
0 
0 

0 
0 
0 

0 
0 
0 

0 
0 
0 

0 
0 
0 

0 
0 
0 

0 
0 
0 

0 
0 
0 

0 
0 
0 

0 
0 
0 

0 
0 
0 

0 
0 
0 

0 
0 
0 

0 
0 
0 

0 
0 
0 

0 
0 
0 

0 
0 
0 

0 
0 
0 

0 
0 
0 

0 
0 
0 

0 
0 
0 

0 
0 
0 

0 
0 
0 

0 
0 
0 

0 
0 
0 

0 
0 
0 

0 
0 
0 

0 
0 
0 

0 
0 
0 

0 
0 
0 

0 
0 
0 

0 
0 
0 

0 
0 
0 

0 
0 
0 

0 
0 
0 

0 
0 
0 

0 
0 
0 

0 
0 
0 

0 
0 
0 

0 
0 
0 

0 
0 
0 

0 
0 
0 

0 
0 
0 

0 
0 
0 

0 
0 
0 

0 
0 
0 

0 
0 
0 

0 
0 
0 

0 
0 
0 

0 
0 
0 

0 
0 
0 

0 
0 
0 

0 
0 
0 

0 
0 
0 

0 
0 
0 

0 
0 
0 

0 
0 
0 

0 
0 
0 

0 
0 
0 

0 
0 
0 

0 
0 
0 

0 
0 
0 

-211.206 
-4.49867 
215.302 

-210.459 
-4.42685 
214.481 

-209.601 
-4.35522 
213.55 

-207.138 
-4.26202 
210.993 

-204.816 
-4.17313 
208.582 

-202.892 
-4.09209 
206.576 

-201.33 
-4.01811 
204.94 

-199.979 
-3.94884 
203.518 

-198.61 
-3.88096 
202.08 

-197.205 
-3.81413 
200.607 

-195.764 
-3.74835 
199.099 

-194.29 
-3.68362 
197.559 

-192.784 
-3.61993 
195.989 

-191.248 
-3.55729 
194.389 

-189.687 
-3.49567 
192.766 

-188.097 
-3.43508 
191.114 

-186.484 
-3.37549 
189.441 

-184.841 
-3.31683 
187.739 

-183.171 
-3.25903 
186.012 

-181.474 
-3.20213 
184.258 

-179.755 
-3.14613 
182.482 

-178.015 
-3.09103 
180.686 

-176.257 
-3.03684 
178.874 

-174.482 
-2.98356 
177.047 

-172.695 
-2.93119 
175.207 

-170.895 
-2.87973 
173.356 

-169.082 
-2.82913 
171.493 

-167.248 
-2.7793 
169.609 

-165.396 
-2.73024 
167.709 

-163.529 
-2.68196 
165.794 

-160.76 
-2.63442 
162.978 

-157.697 
-2.5874 
159.869 

-154.664 
-2.54086 
156.79 

-151.691 
-2.49484 
153.772 

-148.793 
-2.44938 
150.83 

-145.979 
-2.40451 
147.971 

-143.253 
-2.36029 
145.202 

-140.619 
-2.31673 
142.526 

-138.078 
-2.27389 
139.943 

2.55838 
-1.36974 
-1.593 

-135.631 
-2.23178 
137.455 

0 
0 
0 

0 
0 
0 

0 
0 
0 

0 
0 
0 

0 
0 
0 

0 
0 
0 

0 
0 
0 

0 
0 
0 

0 
0 
0 

0 
0 
0 

0 
0 
0 

0 
0 
0 

0 
0 
0 

0 
0 
0 

0 
0 
0 

0 
0 
0 

0 
0 
0 

0 
0 
0 

0 
0 
0 

0 
0 
0 

0 
0 
0 

0 
0 
0 

0 
0 
0 

0 
0 
0 

0 
0 
0 

0 
0 
0 

0 
0 
0 

0 
0 
0 

0 
0 
0 

0 
0 
0 

0 
0 
0 

0 
0 
0 

0 
0 
0 

0 
0 
0 

0 
0 
0 

0 
0 
0 

0 
0 
0 

0 
0 
0 

0 
0 
0 

0 
0 
0 

0 
0 
0 

0 
0 
0 

0 
0 
0 

0 
0 
0 

0 
0 
0 

0 
0 
0 

0 
0 
0 

0 
0 
0 

0 
0 
0 

0 
0 
0 

0 
0 
0 

0 
0 
0 

0 
0 
0 

0 
0 
0 

0 
0 
0 

0 
0 
0 

0 
0 
0 

0 
0 
0 

0 
0 
0 

0 
0 
0 

0 
0 
0 

0 
0 
0 

0 
0 
0 

0 
0 
0 

0 
0 
0 

0 
0 
0 

0 
0 
0 

0 
0 
0 

0 
0 
0 

0 
0 
0 

0 
0 
0 

0 
0 
0 

0 
0 
0 

0 
0 
0 

0 
0 
0 

0 
0 
0 

0 
0 
0 

0 
0 
0 

0 
0 
0 

0 
0 
0 

0 
0 
0 

0 
0 
0 

0 
0 
0 

0 
0 
0 

0 
0 
0 

0 
0 
0 

0 
0 
0 

0 
0 
0 

0 
0 
0 

0 
0 
0 

0 
0 
0 

0 
0 
0 

0 
0 
0 

0 
0 
0 

0 
0 
0 

0 
0 
0 

0 
0 
0 

0 
0 
0 

0 
0 
0 

0 
0 
0 

0 
0 
0 

0 
0 
0 

0 
0 
0 

0 
0 
0 

0 
0 
0 

0 
0 
0 

0 
0 
0 

0 
0 
0 

0 
0 
0 

0 
0 
0 

0 
0 
0 

0 
0 
0 

0 
0 
0 

0 
0 
0 

0 
0 
0 

0 
0 
0 

0 
0 
0 

0 
0 
0 

0 
0 
0 

0 
0 
0 

0 
0 
0 

0 
0 
0 

0 
0 
0 

0 
0 
0 

0 
0 
0 

0 
0 
0 

0 
0 
0 

0 
0 
0 

0 
0 
0 

0 
0 
0 

0 
0 
0 

0 
0 
0 

0 
0 
0 

0 
0 
0 

0 
0 
0 

0 
0 
0 

0 
0 
0 

0 
0 
0 

0 
0 
0 

0 
0 
0 

0 
0 
0 

0 
0 
0 

0 
0 
0 

0 
0 
0 

0 
0 
0 

0 
0 
0 

0 
0 
0 

0 
0 
0 

0 
0 
0 

0 
0 
0 

0 
0 
0 

0 
0 
0 

0 
0 
0 

0 
0 
0 

0 
0 
0 

0 
0 
0 

0 
0 
0 

0 
0 
0 

0 
0 
0 

0 
0 
0 

0 
0 
0 

0 
0 
0 

0 
0 
0 

0 
0 
0 

0 
0 
0 

0 
0 
0 

0 
0 
0 

0 
0 
0 

0 
0 
0 

0 
0 
0 

0 
0 
0 

0 
0 
0 

0 
0 
0 

0 
0 
0 

0 
0 
0 

0 
0 
0 

0 
0 
0 

0 
0 
0 

0 
0 
0 

0 
0 
0 

0 
0 
0 

0 
0 
0 

0 
0 
0 

0 
0 
0 

0 
0 
0 

0 
0 
0 

0 
0 
0 

0 
0 
0 

0 
0 
0 

0 
0 
0 

0 
0 
0 

0 
0 
0 

0 
0 
0 

0 
0 
0 

0 
0 
0 

0 
0 
0 

0 
0 
0 

0 
0 
0 

0 
0 
0 

0 
0 
0 

0 
0 
0 

0 
0 
0 

0 
0 
0 

0 
0 
0 

0 
0 
0 

0 
0 
0 

0 
0 
0 

0 
0 
0 

0 
0 
0 

0 
0 
0 

0 
0 
0 

0 
0 
0 

0 
0 
0 

0 
0 
0 

0 
0 
0 

0 
0 
0 

0 
0 
0 

0 
0 
0 

0 
0 
0 

0 
0 
0 

0 
0 
0 

0 
0 
0 

0 
0 
0 

0 
0 
0 

0 
0 
0 

0 
0 
0 

0 
0 
0 

0 
0 
0 

0 
0 
0 

0 
0 
0 

0 
0 
0 

0 
0 
0 

0 
0 
0 

0 
0 
0 

0 
0 
0 

0 
0 
0 

0 
0 
0 

0 
0 
0 

0 
0 
0 

0 
0 
0 

0 
0 
0 

0 
0 
0 

0 
0 
0 

0 
0 
0 

0 
0 
0 

0 
0 
0 

0 
0 
0 

0 
0 
0 

0 
0 
0 

0 
0 
0 

0 
0 
0 

0 
0 
0 

0 
0 
0 

0 
0 
0 

0 
0 
0 

0 
0 
0 

0 
0 
0 

0 
0 
0 

0 
0 
0 

0 
0 
0 

0 
0 
0 

0 
0 
0 

0 
0 
0 

0 
0 
0 

0 
0 
0 

0 
0 
0 

0 
0 
0 

0 
0 
0 

0 
0 
0 

0 
0 
0 

0 
0 
0 

0 
0 
0 

0 
0 
0 

0 
0 
0 

0 
0 
0 

0 
0 
0 

0 
0 
0 

0 
0 
0 

0 
0 
0 

0 
0 
0 

0 
0 
0 

0 
0 
0 

0 
0 
0 

0 
0 
0 

0 
0 
0 

0 
0 
0 

0 
0 
0 

0 
0 
0 

0 
0 
0 

0 
0 
0 

0 
0 
0 

0 
0 
0 

0 
0 
0 

0 
0 
0 

0 
0 
0 

0 
0 
0 

0 
0 
0 

0 
0 
0 

0 
0 
0 

0 
0 
0 

0 
0 
0 

0 
0 
0 

0 
0 
0 

0 
0 
0 

0 
0 
0 

0 
0 
0 

0 
0 
0 

0 
0 
0 

0 
0 
0 

0 
0 
0 

0 
0 
0 

0 
0 
0 

0 
0 
0 

0 
0 
0 

0 
0 
0 

0 
0 
0 

0 
0 
0 

0 
0 
0 

0 
0 
0 

0 
0 
0 

0 
0 
0 

0 
0 
0 

0 
0 
0 

0 
0 
0 

0 
0 
0 

0 
0 
0 

0 
0 
0 

0 
0 
0 

0 
0 
0 

0 
0 
0 

0 
0 
0 

0 
0 
0 

0 
0 
0 

0 
0 
0 

0 
0 
0 

0 
0 
0 

0 
0 
0 

0 
0 
0 

0 
0 
0 

0 
0 
0 

0 
0 
0 

0 
0 
0 

0 
0 
0 

0 
0 
0 

0 
0 
0 

0 
0 
0 

0 
0 
0 

0 
0 
0 

0 
0 
0 

0 
0 
0 

0 
0 
0 

0 
0 
0 

0 
0 
0 

0 
0 
0 

0 
0 
0 

0 
0 
0 

0 
0 
0 

-393.663 
4.16669 
389.514 

-29.3042 
-29.3043 
58.2582 

-9.76929 
-29.0443 
38.4621 

-29.1977 
-14.6652 
43.512 

-28.9775 
-7.34353 
35.969 

-4.94389 
-57.8675 
62.4583 

-29.0389 
-5.91397 
34.6002 

-9.86431 
-29.33 
38.8428 

-14.8508 
-29.57 
44.0699 

-29.8303 
-29.8301 
59.3101 

-5.88779 
-28.9104 
34.4455 

-29.0872 
-7.37067 
36.1058 

-4.19619 
-28.5772 
32.4196 

-28.7054 
-4.89463 
33.2468 

-3.26421 
-28.3119 
31.2211 

-28.4122 
-3.66791 
31.7257 

-2.58763 
-4.28574 
6.5143 

-28.1701 
-2.9372 
30.7517 

-20.3959 
6.77822 
13.7246 

-26.9397 
-1.66703 
28.247 

-10.4655 
423.05 
-413.12 

-385.906 
9.43856 
376.617 

-416.423 
10.4231 
406.166 

-431.747 
10.9442 
420.977 

-12.6854 
487.384 
-475.265 

-447.894 
11.5022 
436.575 

-485.885 
12.8076 
473.281 

-504.668 
13.4949 
491.384 

-15.6942 
569.866 
-554.777 

-524.24 
14.2281 
510.232 

-571.374 
15.9754 
555.641 

-18.5806 
643.084 
-625.138 

-593.915 
16.8817 
577.285 

-649.824 
19.0879 
631.013 

-22.2767 
731.501 
-709.893 

-675.927 
20.2213 
655.991 

-742.937 
23.0482 
720.201 

-773.506 
24.4885 
749.339 

-805.588 
26.0446 
779.874 

-839.313 
27.7286 
811.925 

-874.248 
29.5398 
845.058 

-909.557 
31.4661 
878.448 

-945.503 
33.5239 
912.343 

-986.501 
35.8527 
951.021 

-1033.95 
38.5174 
995.816 

-1039.91 
39.985 
1000.29 

-943.149 
38.1168 
905.328 

-737.397 
32.1746 
705.386 

-476.589 
23.9641 
452.637 

-190.141 
2182.5 
-1993.01 

-60.0619 
89.7716 
-30.1083 

-181.128 
2242.05 
-2061.63 

-297.852 
18.6252 
279.145 

-249.754 
2324.1 
-2074.92 

-239.497 
2448.89 
-2210.04 

-3155.74 
207.526 
2948.49 

-317.619 
2296.71 
-1979.56 

-307.531 
2512.22 
-2205.23 

-4105.87 
259.784 
3846.27 

-398.173 
2446.73 
-2048.99 

-4584.01 
364.04 
4220.09 

-519.912 
2171.14 
-1651.54 

-510.757 
2625.47 
-2115.12 

-3591.27 
363.75 
3227.51 

-767.892 
3112.08 
-2344.51 

-4418.04 
619.985 
3798.02 

-1064.9 
3276.91 
-2212.24 

-1058.52 
3423.38 
-2365.15 

-2.21518 
6.16602 
-4.29997 

-3425.59 
707.123 
2718.36 

-6.15802 
11.9667 
-6.15778 

-1514.31 
5971.12 
-4457.02 

-1511.72 
5561.78 
-4050.29 

-4839.83 
1354.6 
3485.13 

-3.18551 
4.00654 
-1.17017 

-2195.7 
27988.3 
-25792.8 

-2195.37 
28580.2 
-26385 

-2194.89 
23431.9 
-21237.2 

-2194.18 
19121 
-16927 

-2193.02 
15757 
-13564.2 

-2191.01 
13196.8 
-11006 

-3984.69 
1750.48 
2234.06 

-2.46604 
2.8578 
-0.740898 

-2462.29 
-62796.6 
65258.7 

-2462.95 
-60415.4 
62878.1 

-0.360997 
1.63508 
-1.62322 

-1580.34 
2185.38 
-605.219 

-1.29565 
1.43896 
-0.492453 

-0.241218 
0.766569 
-0.874519 

-0.2472 
1.00842 
-1.11037 

1854.05 
2425.96 
-4280.13 

-0.824054 
0.780316 
-0.305418 

-0.202154 
0.33289 
-0.479923 

7306.95 
3692.59 
-10999.3 

-0.540527 
0.40737 
-0.216019 

-0.181455 
0.150008 
-0.317764 

-0.181833 
0.149432 
-0.316801 

18788 
6018.9 
-24805.5 

-0.434335 
0.278826 
-0.193689 

-0.175818 
0.0410434 
-0.214443 

33961.7 
8154.44 
-42112.7 

-0.181073 
0.00663714 
-0.174777 

-0.174395 
-0.00985817 
-0.164969 

38637.7 
7494.69 
-46127.6 

-0.115398 
-0.0601511 
-0.17367 

-0.174211 
-0.0196551 
-0.155358 

31956 
5225.9 
-37177.4 

-0.063339 
-0.112215 
-0.173669 

-0.0194179 
-0.155591 
-0.174215 

-0.174754 
-0.180445 
0.00597512 

-0.151274 
-0.023812 
-0.174138 

-0.174575 
-0.173105 
-0.00154098 

-0.118166 
-0.057349 
-0.173706 

-0.174437 
-0.167273 
-0.00750755 

-0.0894269 
-0.086232 
-0.173559 

-0.174288 
-0.160862 
-0.0140634 

-0.0646139 
-0.110994 
-0.173607 

-0.174124 
-0.153654 
-0.0214301 

-0.042702 
-0.132718 
-0.173791 

-0.173956 
-0.146043 
-0.0292046 

-0.0233146 
-0.151814 
-0.174077 

-0.173787 
-0.138292 
-0.0371182 

-0.00596683 
-0.168789 
-0.174445 

-0.173619 
-0.130396 
-0.045176 

0.00987989 
-0.184185 
-0.17489 

-0.173451 
-0.122166 
-0.0535681 

0.0242944 
-0.198079 
-0.175405 

-0.173284 
-0.113593 
-0.0623015 

0.0374007 
-0.210599 
-0.175985 

-0.173124 
-0.104698 
-0.0713503 

0.0493163 
-0.221864 
-0.17663 

-0.172976 
-0.0954952 
-0.0806946 

0.0602292 
-0.232055 
-0.177345 

-0.172847 
-0.0859881 
-0.0903239 

0.0709168 
-0.241903 
-0.178179 

0.0816035 
-0.251596 
-0.179166 

-0.179023 
-0.24522 
0.0750909 

-0.0857031 
-0.0907435 
-0.172706 

-0.178535 
-0.234772 
0.0641626 

-0.0789002 
-0.097683 
-0.172562 

-0.178009 
-0.22437 
0.0532412 

-0.0737472 
-0.102981 
-0.172411 

-0.177447 
-0.21417 
0.0424857 

-0.0703425 
-0.106556 
-0.172234 

-0.176858 
-0.204408 
0.0321405 

-0.0691672 
-0.10795 
-0.172009 

-0.176243 
-0.195191 
0.0223142 

-0.0700714 
-0.107326 
-0.171723 

-0.175586 
-0.186422 
0.0128937 

-0.0720021 
-0.105729 
-0.171385 

-0.174859 
-0.177852 
0.00360183 

-0.0730191 
-0.105077 
-0.171015 

-0.174049 
-0.169443 
-0.00561276 

-0.0729849 
-0.105511 
-0.170611 

-0.173128 
-0.161026 
-0.0149475 

-0.0723141 
-0.106631 
-0.170157 

-0.172068 
-0.152474 
-0.0245551 

-0.071543 
-0.107919 
-0.169636 

-0.17087 
-0.143927 
-0.0342965 

-0.0707214 
-0.109335 
-0.169038 

-0.169566 
-0.135834 
-0.0436915 

-0.0698719 
-0.110867 
-0.168353 

-0.168159 
-0.128422 
-0.0525072 

-0.0690385 
-0.112486 
-0.167564 

-0.166631 
-0.121769 
-0.0606857 

-0.0682364 
-0.114197 
-0.166653 

-0.164952 
-0.116112 
-0.0680185 

-0.0674088 
-0.11608 
-0.165596 

-0.163038 
-0.111421 
-0.0746227 

-0.0666249 
-0.118116 
-0.164341 

-0.160759 
-0.107607 
-0.0807137 

-0.0661399 
-0.120144 
-0.162796 

-0.157936 
-0.104648 
-0.0864936 

-0.0662322 
-0.122027 
-0.160819 

-0.154337 
-0.102368 
-0.0923711 

-0.0673845 
-0.12352 
-0.158172 

-0.149794 
-0.100717 
-0.0985633 

-0.0703003 
-0.12425 
-0.154525 

-0.144322 
-0.0993512 
-0.1054 

-0.0746008 
-0.124758 
-0.149714 

-0.138234 
-0.0984889 
-0.11235 

-0.0795207 
-0.125671 
-0.143881 

-0.0456455 
-0.145047 
-0.158378 

-0.141729 
-0.142273 
-0.0650695 

-0.22684 
0.0688295 
-0.191061 

-0.162287 
-0.111266 
-0.0755157 

-0.081554 
-0.10678 
-0.160736 

0.00197041 
-0.176343 
-0.174697 

224.779 
-112.564 
-112.564 

-0.144021 
-0.151539 
-0.053507 

0.0657059 
-0.208837 
-0.205938 

-0.216574 
0.135425 
-0.267918 

0 
-0.349066 
0 

0 
-0.349066 
0 

0 
-0.174535 
-0.174535 

0 
-0.174535 
-0.174535 

0 
-0.174535 
-0.174535 

0 
-0.174535 
-0.174535 

0 
-0.174535 
-0.174535 

0 
-0.174535 
-0.174535 

0 
-0.174535 
-0.174535 

0 
-0.174535 
-0.174535 

0 
-0.174535 
-0.174535 

0 
-0.174535 
-0.174535 

0 
-0.174535 
-0.174535 

0 
-0.174535 
-0.174535 

0 
-0.174535 
-0.174535 

0 
-0.174535 
-0.174535 

0 
-0.174535 
-0.174535 

0 
-0.174535 
-0.174535 

0 
-0.174535 
-0.174535 

0 
-0.174535 
-0.174535 

0 
-0.174535 
-0.174535 

0 
-0.174535 
-0.174535 

0 
-0.174535 
-0.174535 

0 
-0.174534 
-0.174534 

0 
-0.174533 
-0.174533 

0 
-0.174533 
-0.174533 

0 
-0.174533 
-0.174533 

0 
-0.349066 
0 

0 
-0.174535 
-0.174535 

0 
-0.174535 
-0.174535 

0 
-0.174535 
-0.174535 

0 
-0.174535 
-0.174535 

0 
-0.174535 
-0.174535 

0 
-0.174535 
-0.174535 

0 
-0.174535 
-0.174535 

0 
-0.174535 
-0.174535 

0 
-0.174535 
-0.174535 

0 
-0.174535 
-0.174535 

0 
-0.174535 
-0.174535 

0 
-0.174535 
-0.174535 

0 
-0.174535 
-0.174535 

0 
-0.174535 
-0.174535 

0 
-0.174535 
-0.174535 

0 
-0.349066 
0 

0 
0 
0 

0 
0 
0 

0 
0 
0 

0 
0 
0 

0 
0 
0 

0 
0 
0 

0 
0 
0 

0 
0 
0 

0 
0 
0 

0 
0 
0 

0 
0 
0 

0 
0 
0 

0 
160.73 
-160.905 

0 
-0.174535 
-0.174535 

0 
-0.174535 
-0.174535 

0 
-0.349066 
0 

0 
0 
0 

0 
0 
0 

0 
0 
0 

0 
0 
0 

0 
0 
0 

0 
0 
0 

0 
0 
0 

0 
0 
0 

0 
0 
0 

0 
0 
0 

0 
0 
0 

0 
0 
0 

0 
0 
0 

0 
0 
0 

0 
0 
0 

0 
0 
0 

0 
0 
0 

0 
0 
0 

0 
0 
0 

0 
0 
0 

0 
0 
0 

0 
0 
0 

0 
0 
0 

0 
0 
0 

0 
0 
0 

0 
0 
0 

0 
0 
0 

0 
0 
0 

0 
0 
0 

0 
0 
0 

0 
0 
0 

0 
0 
0 

0 
0 
0 

0 
0 
0 

0 
0 
0 

0 
0 
0 

0 
0 
0 

0 
0 
0 

0 
0 
0 

0 
0 
0 

0 
0 
0 

0 
0 
0 

0 
0 
0 

0 
0 
0 

0 
0 
0 

0 
0 
0 

0 
0 
0 

0 
0 
0 

0 
0 
0 

0 
0 
0 

0 
0 
0 

0 
0 
0 

0 
0 
0 

0 
0 
0 

0 
0 
0 

0 
0 
0 

0 
0 
0 

0 
0 
0 

0 
0 
0 

0 
0 
0 

0 
0 
0 

0 
0 
0 

0 
0 
0 

0 
0 
0 

0 
0 
0 

0 
0 
0 

0 
0 
0 

0 
0 
0 

0 
0 
0 

0 
0 
0 

0 
0 
0 

0 
0 
0 

0 
0 
0 

0 
0 
0 

0 
0 
0 

0 
0 
0 

0 
0 
0 

0 
0 
0 

0 
0 
0 

0 
0 
0 

0 
0 
0 

0 
0 
0 

0 
0 
0 

0 
0 
0 

0 
0 
0 

0 
0 
0 

0 
0 
0 

0 
0 
0 

0 
0 
0 

0 
0 
0 

0 
0 
0 

0 
0 
0 

0 
0 
0 

0 
0 
0 

0 
0 
0 

0 
0 
0 

0 
0 
0 

0 
0 
0 

0 
0 
0 

0 
0 
0 

0 
0 
0 

0 
0 
0 

0 
0 
0 

0 
0 
0 

0 
0 
0 

0 
0 
0 

0 
0 
0 

0 
0 
0 

0 
0 
0 

0 
0 
0 

0 
0 
0 

0 
0 
0 

0 
0 
0 

0 
0 
0 

0 
0 
0 

0 
0 
0 

0 
0 
0 

0 
0 
0 

0 
0 
0 

0 
0 
0 

0 
0 
0 

0 
0 
0 

0 
0 
0 

0 
0 
0 

0 
0 
0 

0 
0 
0 

0 
0 
0 

0 
0 
0 

0 
0 
0 

0 
0 
0 

0 
0 
0 

0 
0 
0 

0 
0 
0 

0 
0 
0 

0 
0 
0 

0 
0 
0 

0 
0 
0 

0 
0 
0 

0 
0 
0 

0 
0 
0 

0 
0 
0 

0 
0 
0 

0 
0 
0 

0 
0 
0 

0 
0 
0 

0 
0 
0 

0 
0 
0 

0 
0 
0 

0 
0 
0 

0 
0 
0 

0 
0 
0 

0 
0 
0 

0 
0 
0 

0 
0 
0 

0 
0 
0 

0 
-0.555772 
0.338942 

0 
0 
0 

0 
0 
0 

0 
-0.349066 
0 

0 
-0.349066 
0 

0 
-0.349066 
0 

0 
-0.349066 
0 

0 
-0.174533 
-0.174533 

0 
-0.174533 
-0.174533 

0 
-0.349066 
0 

0 
0 
-0.349066 

0 
-0.349066 
0 

