0 0 
0 0 
0 0 

0 0 
0 0 
0 0 

0 0 
0 0 
0 0 

0 0 
0 0 
0 0 

0 0 
0 0 
0 0 

0 0 
0 0 
0 0 

0 0 
0 0 
0 0 

0 0 
0 0 
0 0 

0 0 
0 0 
0 0 

0 0 
0 0 
0 0 

0 0 
0 0 
0 0 

0 0 
0 0 
0 0 

0 0 
0 0 
0 0 

0 0 
0 0 
0 0 

0 0 
0 0 
0 0 

0 0 
0 0 
0 0 

0 0 
0 0 
0 0 

0 0 
0 0 
0 0 

0 0 
0 0 
0 0 

0 0 
0 0 
0 0 

0 0 
0 0 
0 0 

0 0 
0 0 
0 0 

0 0 
0 0 
0 0 

0 0 
0 0 
0 0 

0 0 
0 0 
0 0 

0 0 
0 0 
0 0 

0 0 
0 0 
0 0 

0 0 
0 0 
0 0 

0 0 
0 0 
0 0 

0 0 
0 0 
0 0 

0 0 
0 0 
0 0 

0 0 
0 0 
0 0 

0 0 
0 0 
0 0 

0 0 
0 0 
0 0 

0 0 
0 0 
0 0 

0 0 
0 0 
0 0 

0 0 
0 0 
0 0 

0 0 
0 0 
0 0 

-4.92083e-289 -7.20941e-289 
-0.324748 -0.475782 
5.02461e-289 7.36146e-289 

0 0 
0 0 
0 0 

0 0 
0 0 
0 0 

-3.34372e-292 -4.89882e-292 
-0.324748 -0.475782 
3.41423e-292 5.00212e-292 

0 0 
0 0 
0 0 

0 0 
0 0 
0 0 

0 0 
0 0 
0 0 

0 0 
0 0 
0 0 

0 0 
0 0 
0 0 

0 0 
0 0 
0 0 

0 0 
0 0 
0 0 

0 0 
0 0 
0 0 

0 0 
0 0 
0 0 

0 0 
0 0 
0 0 

0 0 
0 0 
0 0 

0 0 
0 0 
0 0 

0 0 
0 0 
0 0 

0 0 
0 0 
0 0 

0 0 
0 0 
0 0 

0 0 
0 0 
0 0 

0 0 
0 0 
0 0 

0 0 
0 0 
0 0 

0 0 
0 0 
0 0 

0 0 
0 0 
0 0 

0 0 
0 0 
0 0 

0 0 
0 0 
0 0 

0 0 
0 0 
0 0 

0 0 
0 0 
0 0 

0 0 
0 0 
0 0 

0 0 
0 0 
0 0 

0 0 
0 0 
0 0 

0 0 
0 0 
0 0 

0 0 
0 0 
0 0 

0 0 
0 0 
0 0 

0 0 
0 0 
0 0 

0 0 
0 0 
0 0 

0 0 
0 0 
0 0 

0 0 
0 0 
0 0 

0 0 
0 0 
0 0 

0 0 
0 0 
0 0 

0 0 
0 0 
0 0 

0 0 
0 0 
0 0 

0 0 
0 0 
0 0 

0 0 
0 0 
0 0 

0 0 
0 0 
0 0 

0 0 
0 0 
0 0 

0 0 
0 0 
0 0 

0 0 
0 0 
0 0 

0 0 
0 0 
0 0 

0 0 
0 0 
0 0 

0 0 
0 0 
0 0 

0 0 
0 0 
0 0 

0 0 
0 0 
0 0 

0 0 
0 0 
0 0 

0 0 
0 0 
0 0 

0 0 
0 0 
0 0 

0 0 
0 0 
0 0 

0 0 
0 0 
0 0 

0 0 
0 0 
0 0 

0 0 
0 0 
0 0 

0 0 
0 0 
0 0 

0 0 
0 0 
0 0 

0 0 
0 0 
0 0 

0 0 
0 0 
0 0 

0 0 
0 0 
0 0 

0 0 
0 0 
0 0 

0 0 
0 0 
0 0 

0 0 
0 0 
0 0 

0 0 
0 0 
0 0 

0 0 
0 0 
0 0 

0 0 
0 0 
0 0 

0 0 
0 0 
0 0 

0 0 
0 0 
0 0 

0 0 
0 0 
0 0 

0 0 
0 0 
0 0 

0 0 
0 0 
0 0 

0 0 
0 0 
0 0 

0 0 
0 0 
0 0 

0 0 
0 0 
0 0 

0 0 
0 0 
0 0 

0 0 
0 0 
0 0 

0 0 
0 0 
0 0 

0 0 
0 0 
0 0 

0 0 
0 0 
0 0 

0 0 
0 0 
0 0 

0 0 
0 0 
0 0 

0 0 
0 0 
0 0 

0 0 
0 0 
0 0 

0 0 
0 0 
0 0 

0 0 
0 0 
0 0 

0 0 
0 0 
0 0 

0 0 
0 0 
0 0 

0 0 
0 0 
0 0 

0 0 
0 0 
0 0 

0 0 
0 0 
0 0 

0 0 
0 0 
0 0 

0 0 
0 0 
0 0 

0 0 
0 0 
0 0 

0 0 
0 0 
0 0 

0 0 
0 0 
0 0 

0 0 
0 0 
0 0 

0 0 
0 0 
0 0 

0 0 
0 0 
0 0 

0 0 
0 0 
0 0 

0 0 
0 0 
0 0 

0 0 
0 0 
0 0 

0 0 
0 0 
0 0 

0 0 
0 0 
0 0 

0 0 
0 0 
0 0 

0 0 
0 0 
0 0 

0 0 
0 0 
0 0 

0 0 
0 0 
0 0 

0 0 
0 0 
0 0 

0 0 
0 0 
0 0 

-1.6021e-47 -2.3472e-47 
-0.324748 -0.475782 
1.64049e-47 2.40344e-47 

-1.02646e-48 -1.50385e-48 
-0.324748 -0.475782 
1.05091e-48 1.53967e-48 

-6.27604e-50 -9.1949e-50 
-0.324748 -0.475782 
6.42469e-50 9.41268e-50 

-3.66073e-51 -5.36326e-51 
-0.324748 -0.475782 
3.74702e-51 5.48969e-51 

-2.05041e-52 -3.00402e-52 
-0.324748 -0.475782 
2.09853e-52 3.07451e-52 

-1.10223e-53 -1.61485e-53 
-0.324748 -0.475782 
1.12798e-53 1.65258e-53 

-5.67658e-55 -8.31664e-55 
-0.324748 -0.475782 
5.80858e-55 8.51003e-55 

-2.79583e-56 -4.09612e-56 
-0.324748 -0.475782 
2.86056e-56 4.19095e-56 

-1.31525e-57 -1.92694e-57 
-0.324748 -0.475782 
1.34557e-57 1.97136e-57 

-5.90874e-59 -8.65677e-59 
-0.324748 -0.475782 
6.0444e-59 8.85553e-59 

-2.53478e-60 -3.71365e-60 
-0.324748 -0.475782 
2.59275e-60 3.79858e-60 

-1.03826e-61 -1.52113e-61 
-0.324748 -0.475782 
1.06191e-61 1.55579e-61 

-4.06021e-63 -5.94854e-63 
-0.324748 -0.475782 
4.1524e-63 6.08359e-63 

-1.51576e-64 -2.22071e-64 
-0.324748 -0.475782 
1.55006e-64 2.27096e-64 

-5.40163e-66 -7.91381e-66 
-0.324748 -0.475782 
5.52344e-66 8.09229e-66 

-1.83734e-67 -2.69185e-67 
-0.324748 -0.475782 
1.87865e-67 2.75237e-67 

-5.9647e-69 -8.73876e-69 
-0.324748 -0.475782 
6.0984e-69 8.93464e-69 

-1.84798e-70 -2.70744e-70 
-0.324748 -0.475782 
1.88929e-70 2.76796e-70 

-5.46405e-72 -8.00527e-72 
-0.324748 -0.475782 
5.58585e-72 8.18372e-72 

-1.54188e-73 -2.25898e-73 
-0.324748 -0.475782 
1.57616e-73 2.3092e-73 

-4.1525e-75 -6.08375e-75 
-0.324748 -0.475782 
4.2446e-75 6.21868e-75 

-1.06735e-76 -1.56375e-76 
-0.324748 -0.475782 
1.09096e-76 1.59835e-76 

-2.61847e-78 -3.83626e-78 
-0.324748 -0.475782 
2.67627e-78 3.92095e-78 

-6.13126e-80 -8.98279e-80 
-0.324748 -0.475782 
6.26632e-80 9.18066e-80 

-1.37033e-81 -2.00764e-81 
-0.324748 -0.475782 
1.40045e-81 2.05178e-81 

-2.9234e-83 -4.28301e-83 
-0.324748 -0.475782 
2.98753e-83 4.37697e-83 

-5.95319e-85 -8.72189e-85 
-0.324748 -0.475782 
6.08354e-85 8.91287e-85 

-1.15725e-86 -1.69546e-86 
-0.324748 -0.475782 
1.18254e-86 1.73252e-86 

-2.14764e-88 -3.14647e-88 
-0.324748 -0.475782 
2.19451e-88 3.21513e-88 

-3.80552e-90 -5.57538e-90 
-0.324748 -0.475782 
3.88842e-90 5.69685e-90 

-6.37111e-92 -9.33418e-92 
-0.324748 -0.475782 
6.51114e-92 9.53934e-92 

-9.91963e-94 -1.4533e-93 
-0.324748 -0.475782 
1.01404e-93 1.48565e-93 

-1.42921e-95 -2.09391e-95 
-0.324748 -0.475782 
1.46142e-95 2.1411e-95 

-1.90477e-97 -2.79064e-97 
-0.324748 -0.475782 
1.94823e-97 2.85431e-97 

-2.34882e-99 -3.44121e-99 
-0.324748 -0.475782 
2.40303e-99 3.52063e-99 

-2.68166e-101 -3.92885e-101 
-0.324748 -0.475782 
2.74424e-101 4.02053e-101 

-2.83742e-103 -4.15705e-103 
-0.324748 -0.475782 
2.90431e-103 4.25504e-103 

-2.78572e-105 -4.0813e-105 
-0.324748 -0.475782 
2.852e-105 4.17841e-105 

-2.54136e-107 -3.72329e-107 
-0.324748 -0.475782 
2.60234e-107 3.81264e-107 

8.15811e-113 1.19523e-112 
-4.64682e-156 -6.80796e-156 
-0.324748 -0.475782 

-2.15781e-109 -3.16137e-109 
-0.324748 -0.475782 
2.20999e-109 3.23781e-109 

0 0 
0 0 
0 0 

0 0 
0 0 
0 0 

0 0 
0 0 
0 0 

0 0 
0 0 
0 0 

0 0 
0 0 
0 0 

0 0 
0 0 
0 0 

0 0 
0 0 
0 0 

0 0 
0 0 
0 0 

0 0 
0 0 
0 0 

0 0 
0 0 
0 0 

0 0 
0 0 
0 0 

0 0 
0 0 
0 0 

0 0 
0 0 
0 0 

0 0 
0 0 
0 0 

0 0 
0 0 
0 0 

0 0 
0 0 
0 0 

0 0 
0 0 
0 0 

0 0 
0 0 
0 0 

0 0 
0 0 
0 0 

0 0 
0 0 
0 0 

0 0 
0 0 
0 0 

0 0 
0 0 
0 0 

0 0 
0 0 
0 0 

0 0 
0 0 
0 0 

0 0 
0 0 
0 0 

0 0 
0 0 
0 0 

0 0 
0 0 
0 0 

0 0 
0 0 
0 0 

0 0 
0 0 
0 0 

0 0 
0 0 
0 0 

0 0 
0 0 
0 0 

0 0 
0 0 
0 0 

0 0 
0 0 
0 0 

0 0 
0 0 
0 0 

0 0 
0 0 
0 0 

0 0 
0 0 
0 0 

0 0 
0 0 
0 0 

0 0 
0 0 
0 0 

0 0 
0 0 
0 0 

0 0 
0 0 
0 0 

0 0 
0 0 
0 0 

0 0 
0 0 
0 0 

0 0 
0 0 
0 0 

0 0 
0 0 
0 0 

0 0 
0 0 
0 0 

0 0 
0 0 
0 0 

0 0 
0 0 
0 0 

0 0 
0 0 
0 0 

0 0 
0 0 
0 0 

0 0 
0 0 
0 0 

0 0 
0 0 
0 0 

0 0 
0 0 
0 0 

0 0 
0 0 
0 0 

0 0 
0 0 
0 0 

0 0 
0 0 
0 0 

0 0 
0 0 
0 0 

0 0 
0 0 
0 0 

0 0 
0 0 
0 0 

0 0 
0 0 
0 0 

0 0 
0 0 
0 0 

0 0 
0 0 
0 0 

0 0 
0 0 
0 0 

0 0 
0 0 
0 0 

0 0 
0 0 
0 0 

0 0 
0 0 
0 0 

0 0 
0 0 
0 0 

0 0 
0 0 
0 0 

0 0 
0 0 
0 0 

0 0 
0 0 
0 0 

0 0 
0 0 
0 0 

0 0 
0 0 
0 0 

0 0 
0 0 
0 0 

0 0 
0 0 
0 0 

0 0 
0 0 
0 0 

0 0 
0 0 
0 0 

0 0 
0 0 
0 0 

0 0 
0 0 
0 0 

0 0 
0 0 
0 0 

0 0 
0 0 
0 0 

0 0 
0 0 
0 0 

0 0 
0 0 
0 0 

0 0 
0 0 
0 0 

0 0 
0 0 
0 0 

0 0 
0 0 
0 0 

0 0 
0 0 
0 0 

0 0 
0 0 
0 0 

0 0 
0 0 
0 0 

0 0 
0 0 
0 0 

0 0 
0 0 
0 0 

0 0 
0 0 
0 0 

0 0 
0 0 
0 0 

0 0 
0 0 
0 0 

0 0 
0 0 
0 0 

0 0 
0 0 
0 0 

0 0 
0 0 
0 0 

0 0 
0 0 
0 0 

0 0 
0 0 
0 0 

0 0 
0 0 
0 0 

0 0 
0 0 
0 0 

0 0 
0 0 
0 0 

0 0 
0 0 
0 0 

0 0 
0 0 
0 0 

0 0 
0 0 
0 0 

0 0 
0 0 
0 0 

0 0 
0 0 
0 0 

0 0 
0 0 
0 0 

0 0 
0 0 
0 0 

0 0 
0 0 
0 0 

0 0 
0 0 
0 0 

0 0 
0 0 
0 0 

0 0 
0 0 
0 0 

0 0 
0 0 
0 0 

0 0 
0 0 
0 0 

0 0 
0 0 
0 0 

0 0 
0 0 
0 0 

0 0 
0 0 
0 0 

0 0 
0 0 
0 0 

0 0 
0 0 
0 0 

0 0 
0 0 
0 0 

0 0 
0 0 
0 0 

0 0 
0 0 
0 0 

0 0 
0 0 
0 0 

0 0 
0 0 
0 0 

0 0 
0 0 
0 0 

0 0 
0 0 
0 0 

0 0 
0 0 
0 0 

0 0 
0 0 
0 0 

0 0 
0 0 
0 0 

0 0 
0 0 
0 0 

0 0 
0 0 
0 0 

0 0 
0 0 
0 0 

0 0 
0 0 
0 0 

0 0 
0 0 
0 0 

0 0 
0 0 
0 0 

0 0 
0 0 
0 0 

0 0 
0 0 
0 0 

0 0 
0 0 
0 0 

0 0 
0 0 
0 0 

0 0 
0 0 
0 0 

0 0 
0 0 
0 0 

0 0 
0 0 
0 0 

0 0 
0 0 
0 0 

0 0 
0 0 
0 0 

0 0 
0 0 
0 0 

0 0 
0 0 
0 0 

0 0 
0 0 
0 0 

0 0 
0 0 
0 0 

0 0 
0 0 
0 0 

0 0 
0 0 
0 0 

0 0 
0 0 
0 0 

0 0 
0 0 
0 0 

0 0 
0 0 
0 0 

0 0 
0 0 
0 0 

0 0 
0 0 
0 0 

0 0 
0 0 
0 0 

0 0 
0 0 
0 0 

0 0 
0 0 
0 0 

0 0 
0 0 
0 0 

0 0 
0 0 
0 0 

0 0 
0 0 
0 0 

0 0 
0 0 
0 0 

0 0 
0 0 
0 0 

0 0 
0 0 
0 0 

0 0 
0 0 
0 0 

0 0 
0 0 
0 0 

0 0 
0 0 
0 0 

0 0 
0 0 
0 0 

0 0 
0 0 
0 0 

0 0 
0 0 
0 0 

0 0 
0 0 
0 0 

0 0 
0 0 
0 0 

0 0 
0 0 
0 0 

0 0 
0 0 
0 0 

0 0 
0 0 
0 0 

0 0 
0 0 
0 0 

0 0 
0 0 
0 0 

0 0 
0 0 
0 0 

0 0 
0 0 
0 0 

0 0 
0 0 
0 0 

0 0 
0 0 
0 0 

0 0 
0 0 
0 0 

0 0 
0 0 
0 0 

0 0 
0 0 
0 0 

0 0 
0 0 
0 0 

0 0 
0 0 
0 0 

0 0 
0 0 
0 0 

0 0 
0 0 
0 0 

0 0 
0 0 
0 0 

0 0 
0 0 
0 0 

0 0 
0 0 
0 0 

0 0 
0 0 
0 0 

0 0 
0 0 
0 0 

0 0 
0 0 
0 0 

0 0 
0 0 
0 0 

0 0 
0 0 
0 0 

0 0 
0 0 
0 0 

0 0 
0 0 
0 0 

0 0 
0 0 
0 0 

0 0 
0 0 
0 0 

0 0 
0 0 
0 0 

0 0 
0 0 
0 0 

0 0 
0 0 
0 0 

0 0 
0 0 
0 0 

0 0 
0 0 
0 0 

0 0 
0 0 
0 0 

0 0 
0 0 
0 0 

0 0 
0 0 
0 0 

0 0 
0 0 
0 0 

0 0 
0 0 
0 0 

0 0 
0 0 
0 0 

0 0 
0 0 
0 0 

0 0 
0 0 
0 0 

0 0 
0 0 
0 0 

0 0 
0 0 
0 0 

0 0 
0 0 
0 0 

0 0 
0 0 
0 0 

0 0 
0 0 
0 0 

0 0 
0 0 
0 0 

0 0 
0 0 
0 0 

0 0 
0 0 
0 0 

0 0 
0 0 
0 0 

0 0 
0 0 
0 0 

0 0 
0 0 
0 0 

0 0 
0 0 
0 0 

0 0 
0 0 
0 0 

0 0 
0 0 
0 0 

0 0 
0 0 
0 0 

0 0 
0 0 
0 0 

0 0 
0 0 
0 0 

0 0 
0 0 
0 0 

0 0 
0 0 
0 0 

0 0 
0 0 
0 0 

0 0 
0 0 
0 0 

0 0 
0 0 
0 0 

0 0 
0 0 
0 0 

0 0 
0 0 
0 0 

0 0 
0 0 
0 0 

0 0 
0 0 
0 0 

0 0 
0 0 
0 0 

0 0 
0 0 
0 0 

0 0 
0 0 
0 0 

0 0 
0 0 
0 0 

0 0 
0 0 
0 0 

0 0 
0 0 
0 0 

0 0 
0 0 
0 0 

0 0 
0 0 
0 0 

0 0 
0 0 
0 0 

0 0 
0 0 
0 0 

0 0 
0 0 
0 0 

0 0 
0 0 
0 0 

0 0 
0 0 
0 0 

0 0 
0 0 
0 0 

0 0 
0 0 
0 0 

0 0 
0 0 
0 0 

0 0 
0 0 
0 0 

0 0 
0 0 
0 0 

0 0 
0 0 
0 0 

0 0 
0 0 
0 0 

0 0 
0 0 
0 0 

0 0 
0 0 
0 0 

0 0 
0 0 
0 0 

0 0 
0 0 
0 0 

0 0 
0 0 
0 0 

0 0 
0 0 
0 0 

0 0 
0 0 
0 0 

0 0 
0 0 
0 0 

0 0 
0 0 
0 0 

0 0 
0 0 
0 0 

0 0 
0 0 
0 0 

0 0 
0 0 
0 0 

0 0 
0 0 
0 0 

0 0 
0 0 
0 0 

0 0 
0 0 
0 0 

0 0 
0 0 
0 0 

0 0 
0 0 
0 0 

0 0 
0 0 
0 0 

0 0 
0 0 
0 0 

0 0 
0 0 
0 0 

0 0 
0 0 
0 0 

0 0 
0 0 
0 0 

0 0 
0 0 
0 0 

0 0 
0 0 
0 0 

0 0 
0 0 
0 0 

0 0 
0 0 
0 0 

0 0 
0 0 
0 0 

0 0 
0 0 
0 0 

0 0 
0 0 
0 0 

0 0 
0 0 
0 0 

0 0 
0 0 
0 0 

0 0 
0 0 
0 0 

0 0 
0 0 
0 0 

0 0 
0 0 
0 0 

0 0 
0 0 
0 0 

0 0 
0 0 
0 0 

0 0 
0 0 
0 0 

0 0 
0 0 
0 0 

0 0 
0 0 
0 0 

0 0 
0 0 
0 0 

0 0 
0 0 
0 0 

0 0 
0 0 
0 0 

0 0 
0 0 
0 0 

0 0 
0 0 
0 0 

0 0 
0 0 
0 0 

0 0 
0 0 
0 0 

0 0 
0 0 
0 0 

0 0 
0 0 
0 0 

0 0 
0 0 
0 0 

0 0 
0 0 
0 0 

0 0 
0 0 
0 0 

0 0 
0 0 
0 0 

0 0 
0 0 
0 0 

0 0 
0 0 
0 0 

0 0 
0 0 
0 0 

0 0 
0 0 
0 0 

0 0 
0 0 
0 0 

0 0 
0 0 
0 0 

0 0 
0 0 
0 0 

0 0 
0 0 
0 0 

0 0 
0 0 
0 0 

0 0 
0 0 
0 0 

0 0 
0 0 
0 0 

0 0 
0 0 
0 0 

0 0 
0 0 
0 0 

0 0 
0 0 
0 0 

0 0 
0 0 
0 0 

0 0 
0 0 
0 0 

0 0 
0 0 
0 0 

0 0 
0 0 
0 0 

0 0 
0 0 
0 0 

0 0 
0 0 
0 0 

0 0 
0 0 
0 0 

0 0 
0 0 
0 0 

0 0 
0 0 
0 0 

0 0 
0 0 
0 0 

0 0 
0 0 
0 0 

0 0 
0 0 
0 0 

0 0 
0 0 
0 0 

0 0 
0 0 
0 0 

0 0 
0 0 
0 0 

0 0 
0 0 
0 0 

0 0 
0 0 
0 0 

0 0 
0 0 
0 0 

0 0 
0 0 
0 0 

0 0 
0 0 
0 0 

0 0 
0 0 
0 0 

0 0 
0 0 
0 0 

0 0 
0 0 
0 0 

0 0 
0 0 
0 0 

0 0 
0 0 
0 0 

0 0 
0 0 
0 0 

0 0 
0 0 
0 0 

0 0 
0 0 
0 0 

0 0 
0 0 
0 0 

0 0 
0 0 
0 0 

0 0 
0 0 
0 0 

0 0 
0 0 
0 0 

0 0 
0 0 
0 0 

0.250082 0.20719 
-8.83637e-49 -2.77441e-49 
-0.573531 -0.681896 

-3.64015 -5.34977 
-3.84819 -5.58629 
7.0347 10.2627 

-0.697154 -1.03768 
-1.99342 -2.8824 
2.22264 3.22598 

-2.37156 -3.51558 
-1.37262 -2.00096 
3.29452 4.84569 

-1.35279 -2.02209 
-0.532541 -0.775035 
1.42356 2.10708 

-0.309113 -0.468364 
-2.21758 -3.1735 
2.03595 2.9118 

-1.058 -1.59341 
-0.414983 -0.605666 
1.00776 1.50147 

-0.532183 -0.818204 
-1.54515 -2.34753 
1.71778 2.60845 

-0.963314 -1.47863 
-1.99459 -3.04254 
2.61033 3.98148 

-2.70085 -4.14143 
-2.87755 -4.40209 
5.24109 8.01901 

-0.274258 -0.423481 
-1.04317 -1.57282 
0.940469 1.41283 

-1.02909 -1.57372 
-0.412448 -0.629964 
1.08813 1.65481 

-0.206037 -0.319504 
-0.765407 -1.13961 
0.572222 0.842072 

-0.648841 -0.98623 
-0.282649 -0.431835 
0.560583 0.842646 

-0.186312 -0.289852 
-0.580066 -0.846662 
0.343276 0.483705 

-0.392514 -0.588 
-0.252408 -0.385503 
0.249309 0.360959 

-0.176474 -0.275806 
-0.259996 -0.374671 
-0.145007 -0.231398 

-0.19928 -0.286271 
-0.255028 -0.388886 
0.0318908 0.0229991 

-0.181976 -0.283893 
7.25194e-29 1.13134e-28 
-0.320319 -0.470929 

0.0543756 0.106665 
-0.320095 -0.470559 
-0.241328 -0.398781 

-0.175948 -0.273374 
1.07273e-25 1.66673e-25 
-1.04462e-25 -1.62304e-25 

0.062091 0.123634 
-1.14852e-28 -2.60008e-28 
-0.243051 -0.405366 

0.0629194 0.130488 
-7.48687e-27 -1.81099e-26 
-0.23757 -0.401171 

0.0636722 0.137356 
-5.84161e-26 -1.49427e-25 
-0.232111 -0.396935 

-0.157652 -0.240324 
3.10404e-22 4.73178e-22 
-3.01963e-22 -4.6031e-22 

0.0643566 0.144238 
-4.38916e-25 -1.18445e-24 
-0.226683 -0.392658 

0.0650137 0.151101 
-2.14015e-23 -6.14705e-23 
-0.221325 -0.388309 

0.0656766 0.15794 
-1.44411e-22 -4.34949e-22 
-0.21607 -0.383885 

-0.140222 -0.20681 
5.03411e-19 7.4247e-19 
-4.89119e-19 -7.21391e-19 

0.0663476 0.164752 
-9.39192e-22 -2.95635e-21 
-0.210918 -0.379384 

0.0670559 0.171519 
-3.42523e-20 -1.14012e-19 
-0.205895 -0.374792 

-0.12905 -0.184239 
8.79897e-17 1.25618e-16 
-8.53954e-17 -1.21915e-16 

0.067822 0.178241 
-2.00025e-19 -6.90912e-19 
-0.201017 -0.370111 

0.0686396 0.184916 
-5.84443e-18 -2.12601e-17 
-0.196275 -0.365342 

-0.118203 -0.16151 
1.09483e-14 1.49595e-14 
-1.06113e-14 -1.44991e-14 

0.0695063 0.191554 
-3.05921e-17 -1.14772e-16 
-0.191661 -0.360497 

0.0704147 0.198149 
-7.13666e-16 -2.81282e-15 
-0.187166 -0.355574 

0.071357 0.204721 
-3.3413e-15 -1.35194e-14 
-0.182778 -0.350592 

0.0722738 0.211293 
-1.50327e-14 -6.24011e-14 
-0.178435 -0.345579 

0.0731619 0.21788 
-6.49798e-14 -2.76609e-13 
-0.174136 -0.340548 

0.0740772 0.224432 
-2.70196e-13 -1.17724e-12 
-0.169934 -0.335452 

0.0751104 0.230882 
-1.08283e-12 -4.80871e-12 
-0.165915 -0.330226 

0.0762146 0.237277 
-4.17684e-12 -1.88564e-11 
-0.162026 -0.324916 

0.0769068 0.243941 
-1.53529e-11 -7.1119e-11 
-0.15779 -0.319848 

0.0771213 0.250915 
-5.37265e-11 -2.5805e-10 
-0.153162 -0.315059 

0.0819859 0.255759 
-1.96141e-10 -8.83222e-10 
-0.153183 -0.308144 

0.0970638 0.255043 
-7.80339e-10 -2.76454e-09 
-0.163094 -0.295795 

0.126406 0.246844 
-3.06168e-09 -7.47693e-09 
-0.18644 -0.276358 

0.171745 0.223251 
-9.98888e-09 -1.54169e-08 
-0.224388 -0.242453 

-0.0385048 -0.00619997 
0.0134336 0.00216305 
-0.0123021 -0.00198087 

-0.0383012 -0.00616719 
0.000502955 8.09849e-05 
-2.81703e-06 -4.53593e-07 

-0.0383831 -0.00618037 
0.00877562 0.00141303 
-0.00809066 -0.00130274 

0.212846 0.188902 
-2.27463e-08 -2.36737e-08 
-0.256459 -0.199198 

-0.0320121 -0.00162745 
0.0289162 0.00147006 
-0.0259012 -0.00131678 

-0.0314086 -0.00159677 
0.02092 0.00106354 
-0.0189372 -0.000962743 

0.354821 0.225992 
-0.00351951 -0.00289807 
-0.389376 -0.229753 

-0.0287698 0.0012971 
0.0469611 -0.00211726 
-0.0406319 0.00183191 

-0.0271716 0.00122504 
0.0368849 -0.00166297 
-0.0324917 0.0014649 

0.527951 0.239806 
-0.00909506 -0.00552405 
-0.554619 -0.239355 

-0.0246932 0.0037612 
0.0510155 -0.00777053 
-0.0428977 0.00653406 

0.62253 0.18031 
-0.0189485 -0.00767901 
-0.639011 -0.176289 

-0.0221733 0.0059758 
0.0507355 -0.0136734 
-0.0387892 0.0104538 

-0.0198489 0.00534936 
0.0470122 -0.01267 
-0.0380389 0.0102516 

0.691583 0.0610147 
-0.0246463 -0.00403224 
-0.697359 -0.0564284 

-0.0146091 0.0057757 
0.0394934 -0.0156136 
-0.0298869 0.0118157 

0.77538 -0.108685 
-0.0416399 0.00449562 
-0.759495 0.108791 

0 0 
0 0 
0 0 

0 0 
0 0 
0 0 

0.048629 -0.668359 
0.459989 1.90733 
-0.522431 -1.25586 

0.702379 -0.277684 
-0.0403589 0.0159558 
-0.676801 0.267572 

-0.289231 -1.91502 
1.16006 3.65327 
-0.88277 -1.75498 

0.0257726 -0.0175444 
-0.0894977 0.0609244 
0.067004 -0.0456121 

0.0255955 -0.0174238 
-0.0815683 0.0555266 
0.0595996 -0.0405717 

0.698521 -0.475509 
-0.069551 0.0473459 
-0.637788 0.434166 

-0.112572 -1.02182 
0.347437 1.28584 
-0.246412 -0.282138 

0.0669754 -0.0577631 
-0.788568 0.680103 
0.727223 -0.627196 

0.0669577 -0.0577479 
-0.8041 0.693499 
0.742856 -0.640679 

0.0669296 -0.0577236 
-0.657909 0.567416 
0.5968 -0.514712 

0.0668787 -0.0576797 
-0.535162 0.461553 
0.474266 -0.409032 

0.0667771 -0.0575921 
-0.438686 0.378346 
0.378141 -0.326129 

0.0665541 -0.0573998 
-0.363962 0.3139 
0.304042 -0.262222 

0.549629 -0.569304 
-0.0770431 0.0725771 
-0.473484 0.498669 

-0.157431 -0.834206 
0.34131 0.960368 
-0.194273 -0.145804 

0.108685 -0.131018 
2.57445 -3.10345 
-2.67452 3.22408 

0.108727 -0.131068 
2.47915 -2.98857 
-2.57934 3.10935 

0.0423884 -0.122909 
0.383627 0.654888 
-0.439299 -0.554033 

0.236348 -0.410853 
-0.0822168 0.0932827 
-0.148032 0.31149 

-0.125782 -0.475968 
0.271385 0.518356 
-0.155139 -0.0645018 

0.0472728 -0.0786247 
0.229843 0.427902 
-0.295496 -0.380314 

0.0420418 -0.0894461 
0.367902 0.530226 
-0.424868 -0.468368 

0.00848705 -0.292294 
-0.0854777 0.0567542 
0.0847759 0.217373 

-0.108451 -0.357585 
0.206017 0.345966 
-0.108789 -0.0156611 

0.0456083 -0.070201 
0.148325 0.288213 
-0.217233 -0.259575 

-0.21467 -0.274884 
-0.128853 0.0286901 
0.340091 0.215035 

-0.0883529 -0.326745 
0.157689 0.293075 
-0.0867859 -0.00324534 

0.0479363 -0.0603758 
0.0869495 0.29654 
-0.168662 -0.29875 

0.04526 -0.0671988 
0.132571 0.281413 
-0.206835 -0.268514 

-0.30291 -0.300433 
-0.112675 0.0109215 
0.402278 0.244032 

-0.0957579 -0.327891 
0.153286 0.280889 
-0.0820371 -0.00250978 

0.0458151 -0.06447 
0.0729244 0.289011 
-0.158342 -0.302482 

-0.24273 -0.312744 
-0.067003 0.0054401 
0.297773 0.24859 

-0.0673195 -0.327447 
0.117517 0.272812 
-0.0851596 -0.0140767 

0.0430138 -0.0711244 
0.0651278 0.283634 
-0.153953 -0.306871 

-0.187821 -0.318227 
-0.0387371 0.00377502 
0.217097 0.243316 

-0.0732406 -0.325363 
0.119237 0.260788 
-0.0872081 -0.020325 

0.039748 -0.0792384 
0.0626372 0.27979 
-0.154777 -0.311841 

-0.15855 -0.322508 
-0.0236626 0.00293478 
0.173477 0.236298 

-0.0776385 -0.322506 
0.119894 0.248483 
-0.0896744 -0.0271334 

-0.0808354 -0.318822 
0.119453 0.235705 
-0.0924388 -0.034136 

0.0327049 -0.0960483 
0.0775367 0.242091 
-0.171721 -0.278934 

-0.121948 -0.331409 
0.155373 0.236083 
-0.0919055 -0.0328603 

0.0292046 -0.104138 
0.0762644 0.237099 
-0.174126 -0.281769 

-0.125077 -0.32978 
0.154803 0.225841 
-0.0949503 -0.0396238 

0.0257543 -0.111929 
0.0747818 0.23231 
-0.176426 -0.284541 

-0.127504 -0.327616 
0.153544 0.215343 
-0.0981494 -0.0462565 

0.0223574 -0.119471 
0.0734192 0.227948 
-0.178919 -0.287435 

-0.129259 -0.325052 
0.151664 0.204727 
-0.101466 -0.0527065 

0.0190297 -0.12677 
0.0722255 0.224118 
-0.181642 -0.290543 

-0.130364 -0.322026 
0.149198 0.193921 
-0.104872 -0.0589241 

0.0157942 -0.133814 
0.0711459 0.220849 
-0.184536 -0.293895 

-0.130842 -0.318619 
0.14619 0.183004 
-0.108356 -0.0648902 

0.0126735 -0.1406 
0.0701456 0.21816 
-0.187562 -0.297509 

-0.130694 -0.314813 
0.142656 0.17195 
-0.111909 -0.0705843 

0.00968716 -0.147135 
0.0692331 0.216097 
-0.190731 -0.301421 

-0.1299 -0.310519 
0.138595 0.160662 
-0.115523 -0.075983 

0.00684826 -0.153438 
0.0684697 0.214779 
-0.194105 -0.305742 

-0.128467 -0.305814 
0.134034 0.149208 
-0.119202 -0.0810802 

0.00416923 -0.159528 
0.0678724 0.214272 
-0.197707 -0.310535 

-0.126392 -0.300735 
0.12899 0.137616 
-0.122956 -0.0858739 

0.00166061 -0.165431 
0.0674565 0.214651 
-0.201561 -0.315876 

-0.123684 -0.295347 
0.123488 0.125935 
-0.126796 -0.0903674 

-0.00066879 -0.171175 
0.0672296 0.215979 
-0.205688 -0.321827 

-0.120338 -0.289673 
0.117539 0.114173 
-0.13074 -0.0945654 

-0.00280542 -0.17679 
0.067198 0.218344 
-0.21011 -0.328464 

-0.116249 -0.283454 
0.111052 0.102046 
-0.1348 -0.0984583 

-0.111336 -0.27663 
0.103973 0.0894824 
-0.139009 -0.102048 

-0.00884873 -0.191381 
0.0633977 0.108652 
-0.208243 -0.214584 

-0.196588 -0.337449 
0.181678 0.138236 
-0.136792 -0.0966872 

-0.0101855 -0.196686 
0.0626792 0.106021 
-0.21235 -0.214984 

-0.19693 -0.335444 
0.1799 0.130117 
-0.140691 -0.0988627 

-0.0112196 -0.201949 
0.062135 0.104248 
-0.216864 -0.215915 

-0.197217 -0.334045 
0.178311 0.122591 
-0.14477 -0.100661 

-0.0119428 -0.207224 
0.0617075 0.103267 
-0.221761 -0.217343 

-0.197572 -0.333508 
0.177051 0.115866 
-0.149073 -0.102113 

-0.012364 -0.212566 
0.0613166 0.102931 
-0.226984 -0.219169 

-0.198241 -0.334354 
0.176395 0.110439 
-0.15367 -0.103301 

-0.0125078 -0.21803 
0.0609141 0.103118 
-0.232493 -0.221328 

-0.199354 -0.336726 
0.176477 0.10641 
-0.158597 -0.104289 

-0.0123968 -0.223656 
0.0605297 0.103842 
-0.238323 -0.223863 

-0.200732 -0.340057 
0.177075 0.10314 
-0.163823 -0.105069 

-0.0120053 -0.229471 
0.0602346 0.105257 
-0.244586 -0.226898 

-0.201759 -0.342937 
0.177466 0.0990556 
-0.169224 -0.105469 

-0.0112811 -0.235499 
0.0600016 0.107404 
-0.251316 -0.230429 

-0.202293 -0.345198 
0.177503 0.093904 
-0.1748 -0.105389 

-0.0101875 -0.241787 
0.0598843 0.11045 
-0.258622 -0.23458 

-0.202397 -0.347134 
0.177284 0.0879234 
-0.180609 -0.104768 

-0.00872748 -0.248399 
0.0599386 0.114555 
-0.266588 -0.239474 

-0.202225 -0.349208 
0.177018 0.0815407 
-0.186733 -0.103593 

-0.00690186 -0.255384 
0.0600608 0.119639 
-0.275139 -0.245008 

-0.201772 -0.351507 
0.176693 0.0747773 
-0.1932 -0.101828 

-0.00465853 -0.262753 
0.0599465 0.125303 
-0.284037 -0.250784 

-0.201018 -0.3541 
0.176281 0.0676387 
-0.200028 -0.0994342 

-0.00191447 -0.270525 
0.0593831 0.131302 
-0.293154 -0.256538 

-0.199955 -0.357084 
0.175786 0.0601373 
-0.207242 -0.0963371 

0.00144796 -0.27873 
0.0582217 0.137524 
-0.302457 -0.26212 

-0.198561 -0.360543 
0.175214 0.0522372 
-0.214872 -0.0924149 

0.00569008 -0.287366 
0.0561264 0.143675 
-0.311856 -0.267213 

-0.196766 -0.364521 
0.174526 0.0437917 
-0.222945 -0.0874662 

0.011166 -0.296503 
0.0528991 0.149805 
-0.321489 -0.271769 

-0.19452 -0.369239 
0.173787 0.0347222 
-0.231558 -0.0811678 

0.0183268 -0.306265 
0.0483342 0.156082 
-0.331591 -0.275821 

-0.191837 -0.375173 
0.173207 0.0250976 
-0.240892 -0.0730985 

0.0277725 -0.316808 
0.042114 0.162677 
-0.342443 -0.279386 

-0.188717 -0.382913 
0.17303 0.0149425 
-0.251187 -0.0626944 

0.0400157 -0.328406 
0.0341004 0.170032 
-0.354438 -0.282673 

-0.185213 -0.393303 
0.173655 0.0044252 
-0.262788 -0.0493053 

0.0550715 -0.341239 
0.024347 0.178338 
-0.367682 -0.285784 

-0.181514 -0.407227 
0.175629 -0.00594468 
-0.276089 -0.0326315 

0.0718945 -0.355705 
0.0136954 0.188202 
-0.382028 -0.289016 

-0.177461 -0.424331 
0.178586 -0.0167457 
-0.290906 -0.0125188 

0.0889852 -0.37151 
0.00267938 0.198999 
-0.396538 -0.292055 

-0.173079 -0.443458 
0.181626 -0.0284961 
-0.306368 0.0103521 

-0.157453 -0.493873 
0.191429 0.0193769 
-0.339287 0.00676181 

0.10473 -0.40692 
0.0259578 0.0821166 
-0.44421 -0.148333 

-0.66822 -0.625845 
0.722719 0.189853 
-0.367002 -0.0367234 

0.0951816 -0.447292 
0.215906 0.380767 
-0.628694 -0.410846 

-0.365233 -0.629626 
0.413328 0.133529 
-0.362966 0.0200355 

-0.602955 -1.00784 
0.672165 0.519314 
-0.387502 0.00994597 

103.693 159.47 
-52.4981 -80.4748 
-51.6642 -79.7148 

0.373969 -0.667275 
0.190678 0.313186 
-0.886863 -0.122816 

-0.521073 -0.44418 
0.34124 -0.256615 
-0.138893 0.221926 

-0.672296 0.221184 
-0.0306794 -1.31506 
0.385491 0.613899 

0 0 
-0.315292 -0.481807 
0 0 

0 0 
-0.315292 -0.481807 
0 0 

0 0 
0.138486 0.0949 
-0.253634 -0.373272 

0 0 
0.136613 0.0881668 
-0.259977 -0.376254 

0 0 
0.134054 0.081976 
-0.265712 -0.37971 

0 0 
0.130796 0.0763723 
-0.270803 -0.383709 

0 0 
0.127146 0.0711178 
-0.275531 -0.38803 

0 0 
0.12379 0.0656015 
-0.280582 -0.392064 

0 0 
0.12082 0.0597297 
-0.286063 -0.395703 

0 0 
0.118116 0.053601 
-0.291867 -0.399034 

0 0 
0.115473 0.0473979 
-0.2978 -0.402229 

0 0 
0.11287 0.0411387 
-0.303843 -0.405305 

0 0 
0.110288 0.0348335 
-0.30998 -0.408266 

0 0 
0.107712 0.0284929 
-0.316198 -0.41112 

0 0 
0.105155 0.0221054 
-0.322512 -0.413854 

0 0 
0.10268 0.0156047 
-0.328988 -0.416395 

0 0 
0.100303 0.00896388 
-0.33565 -0.418709 

0 0 
0.0979456 0.00225958 
-0.342421 -0.420868 

0 0 
0.0955102 -0.00440593 
-0.349205 -0.42297 

0 0 
0.092738 -0.0107567 
-0.355737 -0.425297 

0 0 
0.0890743 -0.0161748 
-0.361438 -0.428492 

0 0 
0.0846748 -0.020787 
-0.36643 -0.432463 

0 0 
0.0799639 -0.0250609 
-0.371117 -0.436766 

0 0 
0.129788 0.0206054 
-0.428341 -0.488474 

0 0 
0.26551 0.144103 
-0.569215 -0.615938 

0 0 
0.260239 0.139813 
-0.573973 -0.620782 

0 0 
0.262995 0.141827 
-0.571715 -0.618228 

0 0 
-0.315292 -0.481807 
0 0 

0 0 
0.128357 0.214805 
-0.137544 -0.334982 

0 0 
0.132699 0.205519 
-0.147576 -0.337075 

0 0 
0.135963 0.196571 
-0.156809 -0.339363 

0 0 
0.138434 0.187872 
-0.165496 -0.341765 

0 0 
0.140237 0.179438 
-0.173737 -0.344307 

0 0 
0.141502 0.171222 
-0.181641 -0.346946 

0 0 
0.142365 0.163141 
-0.189326 -0.349605 

0 0 
0.142858 0.155209 
-0.196812 -0.352301 

0 0 
0.14301 0.147407 
-0.204119 -0.355021 

0 0 
0.142856 0.139739 
-0.211271 -0.35777 

0 0 
0.142445 0.132188 
-0.218308 -0.360536 

0 0 
0.141966 0.124626 
-0.225415 -0.363189 

0 0 
0.141467 0.117007 
-0.23264 -0.36568 

0 0 
0.140865 0.109389 
-0.239902 -0.368064 

0 0 
0.139883 0.101997 
-0.246916 -0.370569 

0 0 
-0.109918 -0.270676 
0 0 

0 0 
0 0 
0 0 

0 0 
0 0 
0 0 

0 0 
0 0 
0 0 

0 0 
0 0 
0 0 

0 0 
0 0 
0 0 

0 0 
0 0 
0 0 

0 0 
0 0 
0 0 

0 0 
0 0 
0 0 

0 0 
0 0 
0 0 

0 0 
0 0 
0 0 

0 0 
0 0 
0 0 

0 0 
0 0 
0 0 

0 0 
-0.00131111 0.0333805 
0.00397219 -0.101131 

0 0 
0.11575 0.234337 
-0.114573 -0.331281 

0 0 
0.122762 0.224423 
-0.126581 -0.333066 

0 0 
-0.0063507 -0.11327 
0 0 

0 0 
0 0 
0 0 

0 0 
0 0 
0 0 

0 0 
0 0 
0 0 

0 0 
0 0 
0 0 

0 0 
0 0 
0 0 

0 0 
0 0 
0 0 

0 0 
0 0 
0 0 

0 0 
0 0 
0 0 

0 0 
0 0 
0 0 

0 0 
0 0 
0 0 

0 0 
0 0 
0 0 

0 0 
0 0 
0 0 

0 0 
0 0 
0 0 

0 0 
0 0 
0 0 

0 0 
0 0 
0 0 

0 0 
0 0 
0 0 

0 0 
0 0 
0 0 

0 0 
0 0 
0 0 

0 0 
0 0 
0 0 

0 0 
0 0 
0 0 

0 0 
0 0 
0 0 

0 0 
0 0 
0 0 

0 0 
0 0 
0 0 

0 0 
0 0 
0 0 

0 0 
0 0 
0 0 

0 0 
0 0 
0 0 

0 0 
0 0 
0 0 

0 0 
0 0 
0 0 

0 0 
0 0 
0 0 

0 0 
0 0 
0 0 

0 0 
0 0 
0 0 

0 0 
0 0 
0 0 

0 0 
0 0 
0 0 

0 0 
0 0 
0 0 

0 0 
0 0 
0 0 

0 0 
0 0 
0 0 

0 0 
0 0 
0 0 

0 0 
0 0 
0 0 

0 0 
0 0 
0 0 

0 0 
0 0 
0 0 

0 0 
0 0 
0 0 

0 0 
0 0 
0 0 

0 0 
0 0 
0 0 

0 0 
0 0 
0 0 

0 0 
0 0 
0 0 

0 0 
0 0 
0 0 

0 0 
0 0 
0 0 

0 0 
0 0 
0 0 

0 0 
0 0 
0 0 

0 0 
0 0 
0 0 

0 0 
0 0 
0 0 

0 0 
0 0 
0 0 

0 0 
0 0 
0 0 

0 0 
0 0 
0 0 

0 0 
0 0 
0 0 

0 0 
0 0 
0 0 

0 0 
0 0 
0 0 

0 0 
0 0 
0 0 

0 0 
0 0 
0 0 

0 0 
0 0 
0 0 

0 0 
0 0 
0 0 

0 0 
0 0 
0 0 

0 0 
0 0 
0 0 

0 0 
0 0 
0 0 

0 0 
0 0 
0 0 

0 0 
0 0 
0 0 

0 0 
0 0 
0 0 

0 0 
0 0 
0 0 

0 0 
0 0 
0 0 

0 0 
0 0 
0 0 

0 0 
0 0 
0 0 

0 0 
0 0 
0 0 

0 0 
0 0 
0 0 

0 0 
0 0 
0 0 

0 0 
0 0 
0 0 

0 0 
0 0 
0 0 

0 0 
0 0 
0 0 

0 0 
0 0 
0 0 

0 0 
0 0 
0 0 

0 0 
0 0 
0 0 

0 0 
0 0 
0 0 

0 0 
0 0 
0 0 

0 0 
0 0 
0 0 

0 0 
0 0 
0 0 

0 0 
0 0 
0 0 

0 0 
0 0 
0 0 

0 0 
0 0 
0 0 

0 0 
0 0 
0 0 

0 0 
0 0 
0 0 

0 0 
0 0 
0 0 

0 0 
0 0 
0 0 

0 0 
0 0 
0 0 

0 0 
0 0 
0 0 

0 0 
0 0 
0 0 

0 0 
0 0 
0 0 

0 0 
0 0 
0 0 

0 0 
0 0 
0 0 

0 0 
0 0 
0 0 

0 0 
0 0 
0 0 

0 0 
0 0 
0 0 

0 0 
0 0 
0 0 

0 0 
0 0 
0 0 

0 0 
0 0 
0 0 

0 0 
0 0 
0 0 

0 0 
0 0 
0 0 

0 0 
0 0 
0 0 

0 0 
0 0 
0 0 

0 0 
0 0 
0 0 

0 0 
0 0 
0 0 

0 0 
0 0 
0 0 

0 0 
0 0 
0 0 

0 0 
0 0 
0 0 

0 0 
0 0 
0 0 

0 0 
0 0 
0 0 

0 0 
0 0 
0 0 

0 0 
0 0 
0 0 

0 0 
0 0 
0 0 

0 0 
0 0 
0 0 

0 0 
0 0 
0 0 

0 0 
0 0 
0 0 

0 0 
0 0 
0 0 

0 0 
0 0 
0 0 

0 0 
0 0 
0 0 

0 0 
0 0 
0 0 

0 0 
0 0 
0 0 

0 0 
0 0 
0 0 

0 0 
0 0 
0 0 

0 0 
0 0 
0 0 

0 0 
0 0 
0 0 

0 0 
0 0 
0 0 

0 0 
0 0 
0 0 

0 0 
0 0 
0 0 

0 0 
0 0 
0 0 

0 0 
0 0 
0 0 

0 0 
0 0 
0 0 

0 0 
0 0 
0 0 

0 0 
0 0 
0 0 

0 0 
0 0 
0 0 

0 0 
0 0 
0 0 

0 0 
0 0 
0 0 

0 0 
0 0 
0 0 

0 0 
0 0 
0 0 

0 0 
0 0 
0 0 

0 0 
0 0 
0 0 

0 0 
0 0 
0 0 

0 0 
0 0 
0 0 

0 0 
0 0 
0 0 

0 0 
0 0 
0 0 

0 0 
0 0 
0 0 

0 0 
0 0 
0 0 

0 0 
0 0 
0 0 

0 0 
0 0 
0 0 

0 0 
0 0 
0 0 

0 0 
0 0 
0 0 

0 0 
0 0 
0 0 

0 0 
-0.324748 -0.475782 
8.36415e-297 1.22541e-296 

0 0 
0 0 
0 0 

0 0 
0 0 
0 0 

0 0 
-0.324748 -0.475782 
0 0 

0 0 
-0.324748 -0.475782 
0 0 

0 0 
-0.324748 -0.475782 
0 0 

0 0 
-0.324748 -0.475782 
0 0 

0 0 
0.41213 -0.604596 
-0.73518 0.126322 

0 0 
0.414499 -0.606105 
-0.732811 0.124813 

0 0 
-0.324748 -0.475782 
0 0 

0 0 
0 0 
-0.315292 -0.481807 

0 0 
-0.315292 -0.481807 
0 0 

