0 0 
0 0 
0 0 

0 0 
0 0 
0 0 

0 0 
0 0 
0 0 

0 0 
0 0 
0 0 

0 0 
0 0 
0 0 

0 0 
0 0 
0 0 

0 0 
0 0 
0 0 

0 0 
0 0 
0 0 

0 0 
0 0 
0 0 

0 0 
0 0 
0 0 

0 0 
0 0 
0 0 

0 0 
0 0 
0 0 

0 0 
0 0 
0 0 

0 0 
0 0 
0 0 

0 0 
0 0 
0 0 

0 0 
0 0 
0 0 

0 0 
0 0 
0 0 

0 0 
0 0 
0 0 

0 0 
0 0 
0 0 

0 0 
0 0 
0 0 

0 0 
0 0 
0 0 

0 0 
0 0 
0 0 

0 0 
0 0 
0 0 

0 0 
0 0 
0 0 

0 0 
0 0 
0 0 

0 0 
0 0 
0 0 

0 0 
0 0 
0 0 

0 0 
0 0 
0 0 

0 0 
0 0 
0 0 

0 0 
0 0 
0 0 

0 0 
0 0 
0 0 

0 0 
0 0 
0 0 

0 0 
0 0 
0 0 

0 0 
0 0 
0 0 

0 0 
0 0 
0 0 

0 0 
0 0 
0 0 

0 0 
0 0 
0 0 

0 0 
0 0 
0 0 

-4.72631e-09 -6.92442e-09 
1.86679e-16 2.735e-16 
-3.36969e-09 -4.93687e-09 

0 0 
0 0 
0 0 

0 0 
0 0 
0 0 

-4.59889e-09 -6.73775e-09 
1.76457e-16 2.58523e-16 
-3.27221e-09 -4.79406e-09 

0 0 
0 0 
0 0 

0 0 
0 0 
0 0 

0 0 
0 0 
0 0 

0 0 
0 0 
0 0 

0 0 
0 0 
0 0 

0 0 
0 0 
0 0 

0 0 
0 0 
0 0 

0 0 
0 0 
0 0 

0 0 
0 0 
0 0 

0 0 
0 0 
0 0 

0 0 
0 0 
0 0 

0 0 
0 0 
0 0 

0 0 
0 0 
0 0 

0 0 
0 0 
0 0 

0 0 
0 0 
0 0 

0 0 
0 0 
0 0 

0 0 
0 0 
0 0 

0 0 
0 0 
0 0 

0 0 
0 0 
0 0 

0 0 
0 0 
0 0 

0 0 
0 0 
0 0 

0 0 
0 0 
0 0 

0 0 
0 0 
0 0 

0 0 
0 0 
0 0 

0 0 
0 0 
0 0 

0 0 
0 0 
0 0 

0 0 
0 0 
0 0 

0 0 
0 0 
0 0 

0 0 
0 0 
0 0 

0 0 
0 0 
0 0 

0 0 
0 0 
0 0 

0 0 
0 0 
0 0 

0 0 
0 0 
0 0 

0 0 
0 0 
0 0 

0 0 
0 0 
0 0 

0 0 
0 0 
0 0 

0 0 
0 0 
0 0 

0 0 
0 0 
0 0 

0 0 
0 0 
0 0 

0 0 
0 0 
0 0 

0 0 
0 0 
0 0 

0 0 
0 0 
0 0 

0 0 
0 0 
0 0 

0 0 
0 0 
0 0 

0 0 
0 0 
0 0 

0 0 
0 0 
0 0 

0 0 
0 0 
0 0 

0 0 
0 0 
0 0 

0 0 
0 0 
0 0 

0 0 
0 0 
0 0 

0 0 
0 0 
0 0 

0 0 
0 0 
0 0 

0 0 
0 0 
0 0 

0 0 
0 0 
0 0 

0 0 
0 0 
0 0 

0 0 
0 0 
0 0 

0 0 
0 0 
0 0 

0 0 
0 0 
0 0 

0 0 
0 0 
0 0 

0 0 
0 0 
0 0 

0 0 
0 0 
0 0 

0 0 
0 0 
0 0 

0 0 
0 0 
0 0 

0 0 
0 0 
0 0 

0 0 
0 0 
0 0 

0 0 
0 0 
0 0 

0 0 
0 0 
0 0 

0 0 
0 0 
0 0 

0 0 
0 0 
0 0 

0 0 
0 0 
0 0 

0 0 
0 0 
0 0 

0 0 
0 0 
0 0 

0 0 
0 0 
0 0 

0 0 
0 0 
0 0 

0 0 
0 0 
0 0 

0 0 
0 0 
0 0 

0 0 
0 0 
0 0 

0 0 
0 0 
0 0 

0 0 
0 0 
0 0 

-0 -0 
-0 -0 
-0 -0 

-0 -0 
-0 -0 
-0 -0 

-0 -0 
-0 -0 
-0 -0 

-0 -0 
-0 -0 
-0 -0 

-0 -0 
-0 -0 
-0 -0 

-0 -0 
-0 -0 
-0 -0 

0 0 
0 0 
0 0 

0 0 
0 0 
0 0 

0 0 
0 0 
0 0 

0 0 
0 0 
0 0 

0 0 
0 0 
0 0 

0 0 
0 0 
0 0 

0 0 
0 0 
0 0 

0 0 
0 0 
0 0 

0 0 
0 0 
0 0 

0 0 
0 0 
0 0 

0 0 
0 0 
0 0 

0 0 
0 0 
0 0 

0 0 
0 0 
0 0 

0 0 
0 0 
0 0 

0 0 
0 0 
0 0 

0 0 
0 0 
0 0 

0 0 
0 0 
0 0 

0 0 
0 0 
0 0 

0 0 
0 0 
0 0 

0 0 
0 0 
0 0 

0 0 
0 0 
0 0 

0 0 
0 0 
0 0 

0 0 
0 0 
0 0 

0 0 
0 0 
0 0 

0 0 
0 0 
0 0 

-6.26529e-07 -9.17915e-07 
2.31008e-12 3.38446e-12 
-2.6918e-07 -3.94369e-07 

-5.84882e-07 -8.56898e-07 
2.02287e-12 2.96367e-12 
-2.53394e-07 -3.71242e-07 

-5.46321e-07 -8.00403e-07 
1.77345e-12 2.59824e-12 
-2.38665e-07 -3.49664e-07 

-5.10366e-07 -7.47727e-07 
1.5569e-12 2.28099e-12 
-2.25238e-07 -3.29991e-07 

-4.77159e-07 -6.99076e-07 
1.36872e-12 2.00529e-12 
-2.1265e-07 -3.11549e-07 

-4.4649e-07 -6.54144e-07 
1.20488e-12 1.76525e-12 
-2.00795e-07 -2.94181e-07 

-4.18124e-07 -6.12584e-07 
1.06196e-12 1.55586e-12 
-1.89629e-07 -2.77822e-07 

-3.91831e-07 -5.74064e-07 
9.37081e-13 1.3729e-12 
-1.79132e-07 -2.62442e-07 

-3.67411e-07 -5.38287e-07 
8.27824e-13 1.21283e-12 
-1.69292e-07 -2.48026e-07 

-3.44714e-07 -5.05034e-07 
7.32128e-13 1.07263e-12 
-1.60066e-07 -2.3451e-07 

-3.23605e-07 -4.74107e-07 
6.48212e-13 9.49682e-13 
-1.51414e-07 -2.21834e-07 

-3.03962e-07 -4.45328e-07 
5.74544e-13 8.41753e-13 
-1.43295e-07 -2.09939e-07 

-2.85671e-07 -4.18531e-07 
5.098e-13 7.46898e-13 
-1.35673e-07 -1.98772e-07 

-2.6863e-07 -3.93564e-07 
4.52836e-13 6.63441e-13 
-1.28514e-07 -1.88284e-07 

-2.52745e-07 -3.70291e-07 
4.02663e-13 5.89934e-13 
-1.21787e-07 -1.78427e-07 

-2.37927e-07 -3.48582e-07 
3.58422e-13 5.25117e-13 
-1.15463e-07 -1.69163e-07 

-2.24099e-07 -3.28323e-07 
3.19372e-13 4.67906e-13 
-1.09515e-07 -1.60448e-07 

-2.11185e-07 -3.09403e-07 
2.84867e-13 4.17353e-13 
-1.03919e-07 -1.52249e-07 

-1.99121e-07 -2.91728e-07 
2.54347e-13 3.72638e-13 
-9.86508e-08 -1.44531e-07 

-1.87842e-07 -2.75204e-07 
2.27324e-13 3.33047e-13 
-9.36903e-08 -1.37264e-07 

-1.77293e-07 -2.59749e-07 
2.03373e-13 2.97957e-13 
-8.90167e-08 -1.30417e-07 

-1.67422e-07 -2.45287e-07 
1.82124e-13 2.66826e-13 
-8.46118e-08 -1.23963e-07 

-1.5818e-07 -2.31746e-07 
1.63253e-13 2.39179e-13 
-8.04582e-08 -1.17878e-07 

-1.49523e-07 -2.19062e-07 
1.46478e-13 2.14602e-13 
-7.654e-08 -1.12137e-07 

-1.41409e-07 -2.07175e-07 
1.31551e-13 1.92733e-13 
-7.28422e-08 -1.0672e-07 

-1.338e-07 -1.96027e-07 
1.18257e-13 1.73255e-13 
-6.9351e-08 -1.01605e-07 

-1.26661e-07 -1.85569e-07 
1.06404e-13 1.5589e-13 
-6.60537e-08 -9.6774e-08 

-1.1996e-07 -1.75751e-07 
9.58269e-14 1.40394e-13 
-6.29389e-08 -9.22105e-08 

-1.13667e-07 -1.66531e-07 
8.63797e-14 1.26553e-13 
-5.9995e-08 -8.78975e-08 

-1.07753e-07 -1.57867e-07 
7.79339e-14 1.14179e-13 
-5.72116e-08 -8.38196e-08 

-1.0207e-07 -1.4954e-07 
7.03009e-14 1.02996e-13 
-5.46798e-08 -8.01102e-08 

-9.66641e-08 -1.41621e-07 
6.34123e-14 9.29041e-14 
-5.22959e-08 -7.66177e-08 

-9.15555e-08 -1.34136e-07 
5.7207e-14 8.38129e-14 
-5.00124e-08 -7.32722e-08 

-8.67311e-08 -1.27068e-07 
5.16192e-14 7.56262e-14 
-4.7823e-08 -7.00645e-08 

-8.21773e-08 -1.20396e-07 
4.65887e-14 6.82562e-14 
-4.57236e-08 -6.69888e-08 

-7.78805e-08 -1.14101e-07 
4.20612e-14 6.1623e-14 
-4.37114e-08 -6.40407e-08 

-7.38273e-08 -1.08163e-07 
3.79872e-14 5.56543e-14 
-4.17838e-08 -6.12167e-08 

-7.00051e-08 -1.02563e-07 
3.4322e-14 5.02844e-14 
-3.99385e-08 -5.8513e-08 

-6.64014e-08 -9.72833e-08 
3.10248e-14 4.54538e-14 
-3.8173e-08 -5.59265e-08 

-4.88588e-08 -7.15821e-08 
-4.11516e-09 -6.02903e-09 
3.29269e-10 4.82405e-10 

-6.30045e-08 -9.23066e-08 
2.80589e-14 4.11086e-14 
-3.64851e-08 -5.34535e-08 

-0 -0 
-0 -0 
-0 -0 

-0 -0 
-0 -0 
-0 -0 

-0 -0 
-0 -0 
-0 -0 

-0 -0 
-0 -0 
-0 -0 

-0 -0 
-0 -0 
-0 -0 

-0 -0 
-0 -0 
-0 -0 

-0 -0 
-0 -0 
-0 -0 

-0 -0 
-0 -0 
-0 -0 

-0 -0 
-0 -0 
-0 -0 

-0 -0 
-0 -0 
-0 -0 

-0 -0 
-0 -0 
-0 -0 

-0 -0 
-0 -0 
-0 -0 

-0 -0 
-0 -0 
-0 -0 

-0 -0 
-0 -0 
-0 -0 

-0 -0 
-0 -0 
-0 -0 

-0 -0 
-0 -0 
-0 -0 

-0 -0 
-0 -0 
-0 -0 

-0 -0 
-0 -0 
-0 -0 

-0 -0 
-0 -0 
-0 -0 

-0 -0 
-0 -0 
-0 -0 

-0 -0 
-0 -0 
-0 -0 

-0 -0 
-0 -0 
-0 -0 

-0 -0 
-0 -0 
-0 -0 

-0 -0 
-0 -0 
-0 -0 

-0 -0 
-0 -0 
-0 -0 

-0 -0 
-0 -0 
-0 -0 

-0 -0 
-0 -0 
-0 -0 

-0 -0 
-0 -0 
-0 -0 

-0 -0 
-0 -0 
-0 -0 

-0 -0 
-0 -0 
-0 -0 

-0 -0 
-0 -0 
-0 -0 

-0 -0 
-0 -0 
-0 -0 

-0 -0 
-0 -0 
-0 -0 

-0 -0 
-0 -0 
-0 -0 

-0 -0 
-0 -0 
-0 -0 

-0 -0 
-0 -0 
-0 -0 

-0 -0 
-0 -0 
-0 -0 

-0 -0 
-0 -0 
-0 -0 

-0 -0 
-0 -0 
-0 -0 

-0 -0 
-0 -0 
-0 -0 

-0 -0 
-0 -0 
-0 -0 

-0 -0 
-0 -0 
-0 -0 

-0 -0 
-0 -0 
-0 -0 

-0 -0 
-0 -0 
-0 -0 

-0 -0 
-0 -0 
-0 -0 

-0 -0 
-0 -0 
-0 -0 

-0 -0 
-0 -0 
-0 -0 

-0 -0 
-0 -0 
-0 -0 

-0 -0 
-0 -0 
-0 -0 

-0 -0 
-0 -0 
-0 -0 

-0 -0 
-0 -0 
-0 -0 

-0 -0 
-0 -0 
-0 -0 

-0 -0 
-0 -0 
-0 -0 

-0 -0 
-0 -0 
-0 -0 

-0 -0 
-0 -0 
-0 -0 

-0 -0 
-0 -0 
-0 -0 

-0 -0 
-0 -0 
-0 -0 

-0 -0 
-0 -0 
-0 -0 

-0 -0 
-0 -0 
-0 -0 

-0 -0 
-0 -0 
-0 -0 

-0 -0 
-0 -0 
-0 -0 

-0 -0 
-0 -0 
-0 -0 

-0 -0 
-0 -0 
-0 -0 

-0 -0 
-0 -0 
-0 -0 

-0 -0 
-0 -0 
-0 -0 

-0 -0 
-0 -0 
-0 -0 

0 0 
0 0 
0 0 

0 0 
0 0 
0 0 

-0 -0 
-0 -0 
-0 -0 

-0 -0 
-0 -0 
-0 -0 

0 0 
0 0 
0 0 

0 0 
0 0 
0 0 

0 0 
0 0 
0 0 

0 0 
0 0 
0 0 

0 0 
0 0 
0 0 

0 0 
0 0 
0 0 

0 0 
0 0 
0 0 

0 0 
0 0 
0 0 

0 0 
0 0 
0 0 

0 0 
0 0 
0 0 

0 0 
0 0 
0 0 

0 0 
0 0 
0 0 

0 0 
0 0 
0 0 

0 0 
0 0 
0 0 

0 0 
0 0 
0 0 

0 0 
0 0 
0 0 

0 0 
0 0 
0 0 

0 0 
0 0 
0 0 

0 0 
0 0 
0 0 

0 0 
0 0 
0 0 

0 0 
0 0 
0 0 

0 0 
0 0 
0 0 

0 0 
0 0 
0 0 

0 0 
0 0 
0 0 

0 0 
0 0 
0 0 

0 0 
0 0 
0 0 

0 0 
0 0 
0 0 

0 0 
0 0 
0 0 

0 0 
0 0 
0 0 

0 0 
0 0 
0 0 

0 0 
0 0 
0 0 

0 0 
0 0 
0 0 

0 0 
0 0 
0 0 

0 0 
0 0 
0 0 

0 0 
0 0 
0 0 

0 0 
0 0 
0 0 

0 0 
0 0 
0 0 

0 0 
0 0 
0 0 

0 0 
0 0 
0 0 

0 0 
0 0 
0 0 

0 0 
0 0 
0 0 

0 0 
0 0 
0 0 

0 0 
0 0 
0 0 

0 0 
0 0 
0 0 

0 0 
0 0 
0 0 

0 0 
0 0 
0 0 

0 0 
0 0 
0 0 

0 0 
0 0 
0 0 

0 0 
0 0 
0 0 

0 0 
0 0 
0 0 

0 0 
0 0 
0 0 

0 0 
0 0 
0 0 

-0 -0 
-0 -0 
-0 -0 

0 0 
0 0 
0 0 

0 0 
0 0 
0 0 

-0 -0 
-0 -0 
-0 -0 

0 0 
0 0 
0 0 

-0 -0 
-0 -0 
-0 -0 

0 0 
0 0 
0 0 

-0 -0 
-0 -0 
-0 -0 

-0 -0 
-0 -0 
-0 -0 

-0 -0 
-0 -0 
-0 -0 

-0 -0 
-0 -0 
-0 -0 

-0 -0 
-0 -0 
-0 -0 

-0 -0 
-0 -0 
-0 -0 

-0 -0 
-0 -0 
-0 -0 

-0 -0 
-0 -0 
-0 -0 

-0 -0 
-0 -0 
-0 -0 

-0 -0 
-0 -0 
-0 -0 

-0 -0 
-0 -0 
-0 -0 

-0 -0 
-0 -0 
-0 -0 

-0 -0 
-0 -0 
-0 -0 

-0 -0 
-0 -0 
-0 -0 

-0 -0 
-0 -0 
-0 -0 

-0 -0 
-0 -0 
-0 -0 

-0 -0 
-0 -0 
-0 -0 

-0 -0 
-0 -0 
-0 -0 

-0 -0 
-0 -0 
-0 -0 

-0 -0 
-0 -0 
-0 -0 

-0 -0 
-0 -0 
-0 -0 

-0 -0 
-0 -0 
-0 -0 

-0 -0 
-0 -0 
-0 -0 

-0 -0 
-0 -0 
-0 -0 

-0 -0 
-0 -0 
-0 -0 

-0 -0 
-0 -0 
-0 -0 

-0 -0 
-0 -0 
-0 -0 

-0 -0 
-0 -0 
-0 -0 

-0 -0 
-0 -0 
-0 -0 

-0 -0 
-0 -0 
-0 -0 

-0 -0 
-0 -0 
-0 -0 

-0 -0 
-0 -0 
-0 -0 

-0 -0 
-0 -0 
-0 -0 

-0 -0 
-0 -0 
-0 -0 

-0 -0 
-0 -0 
-0 -0 

-0 -0 
-0 -0 
-0 -0 

-0 -0 
-0 -0 
-0 -0 

-0 -0 
-0 -0 
-0 -0 

-0 -0 
-0 -0 
-0 -0 

-0 -0 
-0 -0 
-0 -0 

-0 -0 
-0 -0 
-0 -0 

-0 -0 
-0 -0 
-0 -0 

-0 -0 
-0 -0 
-0 -0 

-0 -0 
-0 -0 
-0 -0 

-0 -0 
-0 -0 
-0 -0 

-0 -0 
-0 -0 
-0 -0 

-0 -0 
-0 -0 
-0 -0 

-0 -0 
-0 -0 
-0 -0 

-0 -0 
-0 -0 
-0 -0 

-0 -0 
-0 -0 
-0 -0 

-0 -0 
-0 -0 
-0 -0 

-0 -0 
-0 -0 
-0 -0 

-0 -0 
-0 -0 
-0 -0 

-0 -0 
-0 -0 
-0 -0 

-0 -0 
-0 -0 
-0 -0 

-0 -0 
-0 -0 
-0 -0 

-0 -0 
-0 -0 
-0 -0 

-0 -0 
-0 -0 
-0 -0 

-0 -0 
-0 -0 
-0 -0 

-0 -0 
-0 -0 
-0 -0 

-0 -0 
-0 -0 
-0 -0 

-0 -0 
-0 -0 
-0 -0 

-0 -0 
-0 -0 
-0 -0 

-0 -0 
-0 -0 
-0 -0 

-0 -0 
-0 -0 
-0 -0 

-0 -0 
-0 -0 
-0 -0 

-0 -0 
-0 -0 
-0 -0 

-0 -0 
-0 -0 
-0 -0 

-0 -0 
-0 -0 
-0 -0 

-0 -0 
-0 -0 
-0 -0 

-0 -0 
-0 -0 
-0 -0 

-0 -0 
-0 -0 
-0 -0 

-0 -0 
-0 -0 
-0 -0 

-0 -0 
-0 -0 
-0 -0 

-0 -0 
-0 -0 
-0 -0 

-0 -0 
-0 -0 
-0 -0 

-0 -0 
-0 -0 
-0 -0 

-0 -0 
-0 -0 
-0 -0 

-0 -0 
-0 -0 
-0 -0 

-0 -0 
-0 -0 
-0 -0 

-0 -0 
-0 -0 
-0 -0 

-0 -0 
-0 -0 
-0 -0 

-0 -0 
-0 -0 
-0 -0 

-0 -0 
-0 -0 
-0 -0 

-0 -0 
-0 -0 
-0 -0 

-0 -0 
-0 -0 
-0 -0 

-0 -0 
-0 -0 
-0 -0 

-0 -0 
-0 -0 
-0 -0 

-0 -0 
-0 -0 
-0 -0 

-0 -0 
-0 -0 
-0 -0 

-0 -0 
-0 -0 
-0 -0 

-0 -0 
-0 -0 
-0 -0 

-0 -0 
-0 -0 
-0 -0 

-0 -0 
-0 -0 
-0 -0 

-0 -0 
-0 -0 
-0 -0 

-0 -0 
-0 -0 
-0 -0 

-0 -0 
-0 -0 
-0 -0 

-0 -0 
-0 -0 
-0 -0 

-0 -0 
-0 -0 
-0 -0 

-0 -0 
-0 -0 
-0 -0 

-0 -0 
-0 -0 
-0 -0 

-0 -0 
-0 -0 
-0 -0 

-0 -0 
-0 -0 
-0 -0 

-0 -0 
-0 -0 
-0 -0 

-0 -0 
-0 -0 
-0 -0 

-0 -0 
-0 -0 
-0 -0 

-0 -0 
-0 -0 
-0 -0 

-0 -0 
-0 -0 
-0 -0 

-0 -0 
-0 -0 
-0 -0 

-0 -0 
-0 -0 
-0 -0 

-0 -0 
-0 -0 
-0 -0 

-0 -0 
-0 -0 
-0 -0 

-0 -0 
-0 -0 
-0 -0 

-0 -0 
-0 -0 
-0 -0 

-0 -0 
-0 -0 
-0 -0 

-0 -0 
-0 -0 
-0 -0 

-0 -0 
-0 -0 
-0 -0 

-0 -0 
-0 -0 
-0 -0 

-0 -0 
-0 -0 
-0 -0 

-0 -0 
-0 -0 
-0 -0 

-0 -0 
-0 -0 
-0 -0 

-0 -0 
-0 -0 
-0 -0 

-0 -0 
-0 -0 
-0 -0 

-0 -0 
-0 -0 
-0 -0 

-0 -0 
-0 -0 
-0 -0 

-0 -0 
-0 -0 
-0 -0 

-0 -0 
-0 -0 
-0 -0 

-0 -0 
-0 -0 
-0 -0 

-0 -0 
-0 -0 
-0 -0 

-0 -0 
-0 -0 
-0 -0 

-0 -0 
-0 -0 
-0 -0 

-0 -0 
-0 -0 
-0 -0 

-0 -0 
-0 -0 
-0 -0 

-0 -0 
-0 -0 
-0 -0 

-0 -0 
-0 -0 
-0 -0 

-0 -0 
-0 -0 
-0 -0 

-0 -0 
-0 -0 
-0 -0 

-0 -0 
-0 -0 
-0 -0 

-0 -0 
-0 -0 
-0 -0 

-0 -0 
-0 -0 
-0 -0 

-0 -0 
-0 -0 
-0 -0 

-0 -0 
-0 -0 
-0 -0 

-0 -0 
-0 -0 
-0 -0 

-0 -0 
-0 -0 
-0 -0 

-0 -0 
-0 -0 
-0 -0 

-0 -0 
-0 -0 
-0 -0 

-0 -0 
-0 -0 
-0 -0 

-0 -0 
-0 -0 
-0 -0 

-0 -0 
-0 -0 
-0 -0 

-0 -0 
-0 -0 
-0 -0 

-0 -0 
-0 -0 
-0 -0 

-0 -0 
-0 -0 
-0 -0 

-0 -0 
-0 -0 
-0 -0 

0 0 
0 0 
0 0 

0 0 
0 0 
0 0 

0 0 
0 0 
0 0 

0 0 
0 0 
0 0 

0 0 
0 0 
0 0 

0 0 
0 0 
0 0 

0 0 
0 0 
0 0 

0 0 
0 0 
0 0 

0 0 
0 0 
0 0 

0 0 
0 0 
0 0 

0 0 
0 0 
0 0 

0 0 
0 0 
0 0 

0 0 
0 0 
0 0 

0 0 
0 0 
0 0 

0 0 
0 0 
0 0 

0 0 
0 0 
0 0 

0 0 
0 0 
0 0 

0 0 
0 0 
0 0 

0 0 
0 0 
0 0 

0 0 
0 0 
0 0 

0 0 
0 0 
0 0 

0 0 
0 0 
0 0 

0 0 
0 0 
0 0 

0 0 
0 0 
0 0 

0 0 
0 0 
0 0 

0 0 
0 0 
0 0 

0 0 
0 0 
0 0 

0 0 
0 0 
0 0 

0 0 
0 0 
0 0 

0 0 
0 0 
0 0 

0 0 
0 0 
0 0 

0 0 
0 0 
0 0 

0 0 
0 0 
0 0 

0 0 
0 0 
0 0 

0 0 
0 0 
0 0 

0 0 
0 0 
0 0 

0 0 
0 0 
0 0 

0 0 
0 0 
0 0 

0 0 
0 0 
0 0 

0 0 
0 0 
0 0 

0 0 
0 0 
0 0 

0 0 
0 0 
0 0 

0 0 
0 0 
0 0 

0 0 
0 0 
0 0 

0 0 
0 0 
0 0 

0 0 
0 0 
0 0 

0 0 
0 0 
0 0 

0 0 
0 0 
0 0 

0 0 
0 0 
0 0 

0 0 
0 0 
0 0 

0 0 
0 0 
0 0 

0 0 
0 0 
0 0 

0 0 
0 0 
0 0 

0 0 
0 0 
0 0 

0 0 
0 0 
0 0 

0 0 
0 0 
0 0 

0 0 
0 0 
0 0 

0 0 
0 0 
0 0 

0 0 
0 0 
0 0 

0 0 
0 0 
0 0 

0 0 
0 0 
0 0 

0 0 
0 0 
0 0 

0 0 
0 0 
0 0 

0 0 
0 0 
0 0 

0 0 
0 0 
0 0 

0 0 
0 0 
0 0 

0 0 
0 0 
0 0 

0 0 
0 0 
0 0 

0 0 
0 0 
0 0 

0 0 
0 0 
0 0 

0 0 
0 0 
0 0 

0 0 
0 0 
0 0 

0 0 
0 0 
0 0 

0 0 
0 0 
0 0 

0 0 
0 0 
0 0 

-0.0736187 -0.126594 
-9.4151e-07 -1.38003e-06 
0.0711793 0.122399 

-0.361782 -0.546329 
-0.39888 -0.588506 
0.343928 0.511634 

-0.258999 -0.392583 
-0.317575 -0.46357 
0.034009 0.0455457 

-0.320692 -0.486701 
-0.296308 -0.438467 
0.143594 0.21503 

-0.195432 -0.301329 
-0.302562 -0.446107 
-0.0857358 -0.12678 

-0.266953 -0.408835 
-0.214405 -0.297266 
-0.111038 -0.182055 

-0.141486 -0.222131 
-0.312525 -0.461075 
-0.14806 -0.220357 

-0.196929 -0.308861 
-0.246258 -0.379815 
0.0271206 0.0393695 

-0.201638 -0.31619 
-0.280055 -0.43455 
0.118607 0.183129 

-0.2668 -0.418203 
-0.298315 -0.464693 
0.255546 0.398176 

-0.205996 -0.323408 
-0.172008 -0.261539 
-0.0938793 -0.150461 

-0.146704 -0.229928 
-0.233672 -0.362678 
-0.0665578 -0.105144 

-0.201209 -0.315877 
-0.161042 -0.242412 
-0.115518 -0.184258 

-0.090459 -0.141651 
-0.251494 -0.388928 
-0.131587 -0.206967 

-0.175483 -0.278725 
-0.0336568 -0.0379964 
-0.222287 -0.353409 

-0.0443921 -0.0696891 
-0.256658 -0.394979 
-0.16337 -0.256468 

-0.00541466 -0.00795975 
0.000756077 0.00105141 
-0.262424 -0.402202 

-0.759041 -1.15339 
0.296627 0.449917 
0.369731 0.552598 

0.00275173 0.00445737 
-1.69292e-06 -2.59888e-06 
-0.000626642 -0.00101506 

0.136275 0.214864 
-0.00156609 -0.00244054 
-0.210951 -0.332031 

3.62984e-11 5.63974e-11 
-5.36955e-07 -8.34276e-07 
-2.05685e-06 -3.19576e-06 

-0.0359948 -0.0523681 
-2.42291e-06 -3.77645e-06 
0.0326973 0.0475706 

-0.0366895 -0.0523759 
-2.84052e-06 -4.409e-06 
0.0331898 0.04738 

-0.0361515 -0.0503742 
-3.029e-06 -4.67683e-06 
0.0326327 0.0454711 

7.34096e-11 1.11905e-10 
-6.2896e-07 -9.58781e-07 
-2.85351e-06 -4.34987e-06 

-0.0356095 -0.048273 
-3.23449e-06 -4.96171e-06 
0.0320715 0.0434767 

-0.0363513 -0.0480359 
-3.84929e-06 -5.8588e-06 
0.032579 0.043051 

-0.0357811 -0.0457024 
-4.13303e-06 -6.23168e-06 
0.0319864 0.0408555 

1.59014e-10 2.34527e-10 
-7.17504e-07 -1.05823e-06 
-4.09975e-06 -6.04663e-06 

-0.0351895 -0.0432453 
-4.44497e-06 -6.62776e-06 
0.0313742 0.0385566 

-0.0359417 -0.042673 
-5.38492e-06 -7.92606e-06 
0.0318576 0.0378239 

3.0251e-10 4.31878e-10 
-7.7034e-07 -1.09978e-06 
-5.58321e-06 -7.97086e-06 

-0.0352943 -0.0399239 
-5.82875e-06 -8.44977e-06 
0.0311889 0.03528 

-0.0360647 -0.0390879 
-7.17332e-06 -1.0219e-05 
0.0316547 0.0343082 

6.07292e-10 8.29791e-10 
-7.63008e-07 -1.04256e-06 
-7.81757e-06 -1.06818e-05 

-0.0353535 -0.0359939 
-7.82157e-06 -1.09173e-05 
0.0309217 0.0314818 

-0.0361492 -0.0348243 
-9.80199e-06 -1.33666e-05 
0.031368 0.0302183 

-0.03537 -0.031317 
-1.07783e-05 -1.43022e-05 
0.0305654 0.0270629 

-0.03456 -0.0275973 
-1.1881e-05 -1.52737e-05 
0.0297352 0.0237445 

-0.0337186 -0.0236487 
-1.31301e-05 -1.62666e-05 
0.0288775 0.0202534 

-0.0328289 -0.0194516 
-1.45493e-05 -1.72584e-05 
0.0279781 0.0165774 

-0.0318653 -0.014986 
-1.61663e-05 -1.82149e-05 
0.027016 0.0127054 

-0.0308332 -0.0102328 
-1.80128e-05 -1.90854e-05 
0.0259969 0.00862774 

-0.0298345 -0.00516563 
-2.01253e-05 -1.9795e-05 
0.0250062 0.00432966 

-0.0288873 0.000252497 
-2.25542e-05 -2.02352e-05 
0.0240588 -0.000210286 

-0.0269837 0.00595273 
-2.53807e-05 -2.0246e-05 
0.0223413 -0.00492857 

-0.0228067 0.0116709 
-2.86112e-05 -1.959e-05 
0.0188087 -0.00962501 

-0.0152661 0.0168934 
-3.20192e-05 -1.79306e-05 
0.0126238 -0.0139694 

-0.00286853 0.0203205 
-3.48642e-05 -1.48403e-05 
0.00241073 -0.0170773 

0.000551665 8.88282e-05 
0.00442674 0.000712785 
-0.00772347 -0.00124362 

-4.86328e-05 -7.83077e-06 
0.00211997 0.000341354 
-5.59276e-05 -9.00536e-06 

0.000185331 2.98417e-05 
0.00232357 0.000374137 
-0.00432952 -0.000697132 

0.0109043 0.0212553 
-3.53346e-05 -1.02226e-05 
-0.00940436 -0.0183315 

0.0378272 0.00192308 
0.0631582 0.00321087 
-0.0915803 -0.00465581 

0.00413361 0.000210147 
0.0136646 0.000694688 
-0.0210947 -0.00107242 

-0.0321106 0.00768371 
-0.00796587 -0.00241047 
0.0215233 -0.00401835 

-0.0248017 0.0011182 
-0.00299376 0.000134975 
0.00371243 -0.000167377 

-0.0272956 0.00123063 
-0.0120191 0.000541888 
0.015752 -0.000710185 

0.0948077 0.0384733 
0.0305348 0.00758507 
-0.13234 -0.0409703 

-0.01837 0.00279806 
-5.90044e-05 8.98738e-06 
6.97829e-05 -1.06291e-05 

0.054845 0.0187133 
0.000390877 7.76137e-05 
-0.0768773 -0.0167114 

-0.0120863 0.00325731 
0.000627172 -0.000169025 
-0.000497939 0.000134197 

-0.0120773 0.00325487 
0.000112603 -3.03469e-05 
-9.49269e-05 2.55832e-05 

0.0619105 0.00660683 
-1.45355e-06 -1.55127e-07 
-0.0774855 -0.00351052 

-0.00592654 0.00234305 
0.00133697 -0.000528567 
-0.000985838 0.000389749 

0.0648109 -0.00905822 
-0.000854175 9.26507e-05 
-0.0739604 0.0119043 

0 0 
0 0 
0 0 

0 0 
0 0 
0 0 

0.0150849 -0.0180446 
0.0330407 0.041141 
-0.0606362 -0.0236657 

0.0643373 -0.0254356 
-0.00179425 0.000709352 
-0.0671577 0.0265507 

0.0200705 -0.0359746 
0.0313367 0.0506736 
-0.0590107 -0.0146606 

0.0065361 -0.00444937 
-0.00746824 0.00508391 
0.00489347 -0.00333116 

0.0064186 -0.00436938 
-0.00635432 0.00432562 
0.00407352 -0.002773 

0.0621249 -0.0422907 
-0.00507173 0.00345251 
-0.0578745 0.0393973 

0.0183652 -0.0446304 
0.00593927 0.0455946 
-0.0329879 -0.00432542 

0.0142713 -0.0123083 
-0.0661403 0.0570429 
0.0584932 -0.0504476 

0.0142275 -0.0122706 
-0.0667127 0.0575366 
0.059157 -0.0510201 

0.0141724 -0.0122231 
-0.0542882 0.046821 
0.0468485 -0.0404047 

0.0140902 -0.0121521 
-0.0437524 0.0377344 
0.0364834 -0.0314652 

0.0139621 -0.0120416 
-0.0352519 0.0304031 
0.0282427 -0.024358 

0.0137551 -0.0118631 
-0.0283191 0.0244239 
0.0217146 -0.0187278 

0.0555565 -0.0577092 
-0.00784695 0.00722153 
-0.0442384 0.0482436 

0.0176877 -0.0532986 
0.0047918 0.0477132 
-0.0286924 -0.00128775 

0.021799 -0.0262783 
0.202534 -0.244151 
-0.214618 0.258718 

0.021851 -0.0263409 
0.196412 -0.236771 
-0.208593 0.251454 

0.0164166 -0.0217171 
0.039799 0.0385886 
-0.065711 -0.0314522 

0.0327322 -0.0546271 
-0.0110172 0.0123457 
-0.013529 0.0338086 

0.0129564 -0.0492887 
0.00942203 0.0352923 
-0.0259054 0.000861579 

0.0173514 -0.0298181 
0.023729 0.0317174 
-0.0607132 -0.0341057 

0.017383 -0.0303 
0.0406723 0.0372498 
-0.0705688 -0.0349005 

0.0136377 -0.0521335 
-0.0101839 0.00884608 
0.00831363 0.0226485 

0.00894835 -0.0542144 
0.0120991 0.0291713 
-0.027858 0.000834093 

0.0166376 -0.041714 
0.00731812 0.0219964 
-0.0543155 -0.0325286 

0.00464031 -0.0575887 
-0.00742454 0.00475428 
0.0157503 0.0177744 

0.00604702 -0.0602229 
0.0130046 0.0221809 
-0.0388906 -0.00602814 

0.0145495 -0.0540136 
-0.0113426 0.0192347 
-0.053069 -0.0508616 

0.0145778 -0.0540203 
-0.00187072 0.0210582 
-0.0546066 -0.0415581 

0.000993758 -0.0655107 
-0.00347729 0.00186732 
0.0162952 0.0134425 

0.00174049 -0.0663597 
0.0152459 0.0146417 
-0.0481282 -0.0141596 

0.0115601 -0.0662452 
-0.0180473 0.0149567 
-0.0527945 -0.0586702 

-0.00274823 -0.0721259 
-0.00117462 0.000404654 
0.0169323 0.00694752 

-0.00256905 -0.0722039 
0.0167143 0.00705197 
-0.0626544 -0.0346132 

0.00783168 -0.0782736 
-0.0224845 0.00954977 
-0.0538721 -0.0657286 

-0.00681436 -0.0780915 
-0.000214062 2.80701e-05 
0.017319 -0.000216354 

-0.00680758 -0.0780931 
0.0173144 -0.000212036 
-0.0680422 -0.0460341 

0.00354075 -0.0901123 
-0.0254073 0.0033799 
-0.0561429 -0.072169 

-0.010808 -0.0839436 
-5.07359e-06 5.77702e-06 
0.0169683 -0.00729636 

-0.0108057 -0.0839418 
0.0169678 -0.00729678 
-0.0728862 -0.057652 

-0.0147374 -0.0897353 
0.0160014 -0.0142372 
-0.0776291 -0.0693093 

-0.00634829 -0.113267 
-0.0277099 -0.00308235 
-0.0590391 -0.0783271 

-0.0186933 -0.0954729 
0.0145985 -0.0210472 
-0.0776295 -0.06931 

-0.0118289 -0.124601 
-0.0301168 -0.00948308 
-0.061919 -0.0845086 

-0.0226752 -0.101143 
0.012825 -0.0277467 
-0.0824687 -0.0809337 

-0.0176033 -0.135783 
-0.0326097 -0.015839 
-0.0647788 -0.0906969 

-0.026682 -0.106761 
0.0107326 -0.0343295 
-0.0873821 -0.0925256 

-0.0236303 -0.146821 
-0.0351216 -0.0221923 
-0.0676814 -0.0968507 

-0.030708 -0.112332 
0.00836248 -0.0408025 
-0.0923501 -0.104085 

-0.0298776 -0.157717 
-0.0376492 -0.0285462 
-0.0706357 -0.102958 

-0.0347644 -0.117839 
0.00576529 -0.0471862 
-0.0973752 -0.115604 

-0.0363126 -0.168465 
-0.0402058 -0.0348862 
-0.0736283 -0.109015 

-0.0388397 -0.12327 
0.00296438 -0.053489 
-0.102461 -0.127067 

-0.042903 -0.17905 
-0.0427962 -0.0411941 
-0.076647 -0.115015 

-0.0429193 -0.128596 
-2.04233e-05 -0.0597313 
-0.107604 -0.138454 

-0.0496156 -0.189446 
-0.0454137 -0.0474505 
-0.0796866 -0.12094 

-0.0469841 -0.133769 
-0.00317445 -0.0659431 
-0.112793 -0.149732 

-0.0564093 -0.199611 
-0.0480391 -0.0536232 
-0.0827486 -0.126772 

-0.0509911 -0.13873 
-0.00650196 -0.072146 
-0.11801 -0.160856 

-0.0632351 -0.209489 
-0.0506532 -0.0596615 
-0.0858289 -0.132493 

-0.0548861 -0.143402 
-0.0100108 -0.0783716 
-0.123234 -0.171763 

-0.0700343 -0.219008 
-0.0532272 -0.0654909 
-0.0889231 -0.138091 

-0.0586025 -0.147683 
-0.0137119 -0.0846528 
-0.128434 -0.182374 

-0.0767396 -0.228079 
-0.0557215 -0.0710153 
-0.0920293 -0.143561 

-0.0620628 -0.151451 
-0.0176176 -0.0910295 
-0.133571 -0.192593 

-0.0832786 -0.236585 
-0.0580811 -0.0761092 
-0.0951488 -0.148903 

-0.0651868 -0.15453 
-0.0217365 -0.0975732 
-0.138595 -0.202306 

-0.0678606 -0.156727 
-0.0261036 -0.104351 
-0.143445 -0.211381 

-0.0962873 -0.252533 
-0.0635361 -0.0894361 
-0.0941368 -0.14338 

-0.0761987 -0.167168 
-0.0255171 -0.103649 
-0.142978 -0.210153 

-0.101918 -0.258764 
-0.0665902 -0.0959708 
-0.0957516 -0.144968 

-0.079586 -0.170201 
-0.0286991 -0.108223 
-0.147312 -0.217822 

-0.107002 -0.263934 
-0.0695492 -0.102132 
-0.0970489 -0.145803 

-0.0825838 -0.172609 
-0.0317856 -0.112407 
-0.151242 -0.224401 

-0.111465 -0.267993 
-0.0723535 -0.107792 
-0.0980438 -0.14595 

-0.0851675 -0.17441 
-0.0347161 -0.116112 
-0.154705 -0.229789 

-0.115276 -0.270978 
-0.0749566 -0.112855 
-0.0987798 -0.145535 

-0.0873775 -0.175776 
-0.0374025 -0.119175 
-0.157673 -0.233961 

-0.118455 -0.273012 
-0.0773229 -0.117267 
-0.0993359 -0.144737 

-0.0893081 -0.176911 
-0.0397504 -0.12149 
-0.16016 -0.236986 

-0.121057 -0.274238 
-0.0794143 -0.120988 
-0.0998188 -0.143759 

-0.0910233 -0.177865 
-0.0417416 -0.123162 
-0.162211 -0.238989 

-0.123115 -0.274712 
-0.081177 -0.123947 
-0.100328 -0.142761 

-0.0924264 -0.1783 
-0.0435346 -0.12466 
-0.163856 -0.240064 

-0.124652 -0.274468 
-0.0825862 -0.126103 
-0.100935 -0.141862 

-0.0934655 -0.178112 
-0.045236 -0.126171 
-0.165123 -0.240267 

-0.125704 -0.273566 
-0.083588 -0.127377 
-0.10176 -0.14125 

-0.0941482 -0.17736 
-0.0468932 -0.127725 
-0.166039 -0.239649 

-0.126334 -0.272131 
-0.084131 -0.127694 
-0.10296 -0.141174 

-0.0945533 -0.176244 
-0.0485059 -0.129265 
-0.166666 -0.238313 

-0.126621 -0.270305 
-0.0842396 -0.127087 
-0.104634 -0.141799 

-0.094729 -0.174865 
-0.0501354 -0.13088 
-0.167088 -0.236401 

-0.126631 -0.268209 
-0.0840596 -0.125777 
-0.106741 -0.143074 

-0.0947236 -0.173322 
-0.0518473 -0.132665 
-0.167392 -0.23406 

-0.126401 -0.265923 
-0.0837143 -0.123962 
-0.109241 -0.144933 

-0.0945806 -0.171704 
-0.0536873 -0.134683 
-0.167631 -0.231382 

-0.125935 -0.263478 
-0.0832984 -0.121801 
-0.112113 -0.147322 

-0.0943268 -0.170071 
-0.0556965 -0.136997 
-0.16783 -0.228408 

-0.125182 -0.260833 
-0.08299 -0.119559 
-0.115236 -0.150037 

-0.0939531 -0.168419 
-0.0579367 -0.139708 
-0.167986 -0.225129 

-0.12403 -0.257876 
-0.0828697 -0.117344 
-0.118598 -0.153023 

-0.0934636 -0.166788 
-0.0604264 -0.142848 
-0.168046 -0.221432 

-0.122336 -0.254472 
-0.0829979 -0.115218 
-0.12226 -0.156333 

-0.0929422 -0.165375 
-0.0631155 -0.146336 
-0.167938 -0.217155 

-0.119917 -0.250464 
-0.0834769 -0.113283 
-0.126328 -0.160075 

-0.092526 -0.164474 
-0.0659463 -0.150094 
-0.16758 -0.212093 

-0.11661 -0.245739 
-0.0843296 -0.111524 
-0.131081 -0.16462 

-0.0925108 -0.164653 
-0.06878 -0.153925 
-0.166875 -0.206 

-0.112438 -0.240401 
-0.0856384 -0.110075 
-0.136769 -0.170317 

-0.0934465 -0.166862 
-0.071362 -0.15744 
-0.165769 -0.19872 

-0.107678 -0.234774 
-0.0872144 -0.108741 
-0.143703 -0.177628 

-0.0954306 -0.171171 
-0.0739456 -0.161088 
-0.164257 -0.19029 

-0.102812 -0.229325 
-0.0892074 -0.107879 
-0.151542 -0.186101 

-0.0982976 -0.177093 
-0.0769659 -0.165484 
-0.162472 -0.181136 

-0.0749318 -0.147318 
-0.0871505 -0.175154 
-0.176728 -0.196888 

-0.105953 -0.236509 
-0.117659 -0.167347 
-0.126939 -0.124672 

-0.22679 -0.312455 
0.0788887 0.0212934 
-0.196549 -0.23128 

-0.124465 -0.26536 
-0.0708779 -0.0939146 
-0.145668 -0.153112 

-0.115897 -0.188687 
-0.0398163 -0.123359 
-0.183573 -0.201047 

-0.0887248 -0.147119 
-0.0519991 -0.142349 
-0.198478 -0.220583 

1.8981 2.91102 
-1.16972 -1.76356 
-1.07231 -1.67475 

-0.0764306 -0.252917 
-0.104059 -0.146549 
-0.151708 -0.0920723 

-0.0417646 -0.0267823 
-0.117735 -0.272401 
-0.178887 -0.208951 

-0.245254 -0.232171 
0.0659083 -0.0268607 
-0.146874 -0.234445 

-9.06525e-14 -1.38529e-13 
8.51113e-17 1.30061e-16 
-8.7005e-14 -1.32955e-13 

-8.05919e-14 -1.23155e-13 
6.73959e-17 1.0299e-16 
-9.06525e-14 -1.38529e-13 

-5.12727e-14 -1.23961e-13 
0.026381 0.0317622 
-0.0263965 -0.0317809 

-5.49633e-14 -1.28361e-13 
0.026682 0.0315005 
-0.0266968 -0.031518 

-5.86917e-14 -1.32732e-13 
0.026899 0.0313128 
-0.0269133 -0.0313294 

-6.24461e-14 -1.37085e-13 
0.0270293 0.0312079 
-0.0270432 -0.031224 

-6.62172e-14 -1.41429e-13 
0.0271106 0.0311519 
-0.0271243 -0.0311677 

-7.00042e-14 -1.45764e-13 
0.0272304 0.0310542 
-0.0272438 -0.0310695 

-7.38133e-14 -1.50083e-13 
0.0274013 0.0308995 
-0.0274142 -0.0309141 

-7.76506e-14 -1.54381e-13 
0.0276081 0.0307011 
-0.0276205 -0.0307149 

-8.15192e-14 -1.58651e-13 
0.0278256 0.0304855 
-0.0278374 -0.0304984 

-8.54204e-14 -1.62892e-13 
0.028051 0.030255 
-0.0280621 -0.030267 

-8.9355e-14 -1.67101e-13 
0.0282819 0.0300109 
-0.0282923 -0.030022 

-9.33235e-14 -1.71277e-13 
0.0285167 0.0297546 
-0.0285264 -0.0297647 

-9.73265e-14 -1.75417e-13 
0.0287569 0.0294839 
-0.0287658 -0.0294931 

-1.01365e-13 -1.79519e-13 
0.0290102 0.0291884 
-0.0290183 -0.0291965 

-1.05442e-13 -1.83579e-13 
0.029279 0.0288632 
-0.0292862 -0.0288703 

-1.09557e-13 -1.87593e-13 
0.0295534 0.0285197 
-0.0295596 -0.0285256 

-1.13711e-13 -1.9156e-13 
0.0298215 0.0281729 
-0.0298267 -0.0281778 

-1.179e-13 -1.95481e-13 
0.0300517 0.027866 
-0.030056 -0.02787 

-1.22115e-13 -1.99369e-13 
0.0301765 0.0276962 
-0.0301803 -0.0276997 

-1.26341e-13 -2.03242e-13 
0.0302138 0.0276471 
-0.0302174 -0.0276504 

-1.30571e-13 -2.07112e-13 
0.030214 0.0276495 
-0.0302175 -0.0276527 

-1.3439e-13 -2.10606e-13 
0.0353408 0.0323183 
-0.0353441 -0.0323212 

-1.37231e-13 -2.13202e-13 
0.0489073 0.0446426 
-0.0489102 -0.0446452 

-1.41779e-13 -2.17355e-13 
0.048883 0.04468 
-0.0488859 -0.0446826 

-1.39505e-13 -2.15278e-13 
0.0489077 0.0446434 
-0.0489105 -0.044646 

-7.14584e-14 -1.09198e-13 
5.93713e-17 9.0727e-17 
-8.05919e-14 -1.23155e-13 

-3.75282e-15 -4.91378e-14 
0.01776 0.0369159 
-0.0177706 -0.0369381 

-6.08328e-15 -5.38226e-14 
0.0187269 0.036424 
-0.0187365 -0.0364429 

-8.53038e-15 -5.8449e-14 
0.0195665 0.0359656 
-0.0195752 -0.0359815 

-1.10802e-14 -6.30203e-14 
0.0203151 0.0355296 
-0.0203227 -0.0355429 

-1.37219e-14 -6.75392e-14 
0.0209871 0.0351177 
-0.0209937 -0.0351287 

-1.64464e-14 -7.20076e-14 
0.0215986 0.0347245 
-0.0216041 -0.0347334 

-1.92468e-14 -7.64269e-14 
0.022167 0.0343397 
-0.0221714 -0.0343466 

-2.21179e-14 -8.07983e-14 
0.0226955 0.0339651 
-0.0226988 -0.0339702 

-2.50546e-14 -8.51227e-14 
0.0231878 0.0335993 
-0.0231901 -0.0336027 

-2.80525e-14 -8.94013e-14 
0.0236477 0.0332427 
-0.0236489 -0.0332445 

-3.11077e-14 -9.36348e-14 
0.0240809 0.0328932 
-0.024081 -0.0328935 

-3.42182e-14 -9.78228e-14 
0.0245119 0.0325321 
-0.0245109 -0.0325308 

-3.73839e-14 -1.01963e-13 
0.0249469 0.0321525 
-0.0249448 -0.0321499 

-4.06044e-14 -1.06053e-13 
0.0253753 0.031763 
-0.025372 -0.0317589 

-4.38765e-14 -1.10095e-13 
0.0257608 0.0313971 
-0.0257564 -0.0313917 

-2.27614e-14 -5.60506e-14 
2.12875e-17 5.24212e-17 
-2.47228e-14 -6.08806e-14 

-0 -0 
-0 -0 
-0 -0 

-0 -0 
-0 -0 
-0 -0 

-0 -0 
-0 -0 
-0 -0 

-0 -0 
-0 -0 
-0 -0 

-0 -0 
-0 -0 
-0 -0 

-0 -0 
-0 -0 
-0 -0 

-0 -0 
-0 -0 
-0 -0 

-0 -0 
-0 -0 
-0 -0 

-0 -0 
-0 -0 
-0 -0 

-0 -0 
-0 -0 
-0 -0 

-0 -0 
-0 -0 
-0 -0 

-0 -0 
-0 -0 
-0 -0 

6.69483e-16 -1.70449e-14 
-0.00176978 0.0450583 
0.0017712 -0.0450945 

4.41135e-16 -3.63249e-14 
0.0153728 0.0377564 
-0.015373 -0.0377569 

-1.43166e-15 -4.07084e-14 
0.0166421 0.037179 
-0.0166406 -0.0371755 

-1.2021e-15 -2.14405e-14 
1.18451e-18 2.11267e-17 
-1.31169e-15 -2.33951e-14 

-0 -0 
-0 -0 
-0 -0 

-0 -0 
-0 -0 
-0 -0 

-0 -0 
-0 -0 
-0 -0 

-0 -0 
-0 -0 
-0 -0 

-0 -0 
-0 -0 
-0 -0 

-0 -0 
-0 -0 
-0 -0 

-0 -0 
-0 -0 
-0 -0 

-0 -0 
-0 -0 
-0 -0 

-0 -0 
-0 -0 
-0 -0 

-0 -0 
-0 -0 
-0 -0 

-0 -0 
-0 -0 
-0 -0 

-0 -0 
-0 -0 
-0 -0 

-0 -0 
-0 -0 
-0 -0 

-0 -0 
-0 -0 
-0 -0 

-0 -0 
-0 -0 
-0 -0 

-0 -0 
-0 -0 
-0 -0 

-0 -0 
-0 -0 
-0 -0 

-0 -0 
-0 -0 
-0 -0 

-0 -0 
-0 -0 
-0 -0 

-0 -0 
-0 -0 
-0 -0 

-0 -0 
-0 -0 
-0 -0 

-0 -0 
-0 -0 
-0 -0 

-0 -0 
-0 -0 
-0 -0 

-0 -0 
-0 -0 
-0 -0 

-0 -0 
-0 -0 
-0 -0 

-0 -0 
-0 -0 
-0 -0 

-0 -0 
-0 -0 
-0 -0 

-0 -0 
-0 -0 
-0 -0 

-0 -0 
-0 -0 
-0 -0 

-0 -0 
-0 -0 
-0 -0 

-0 -0 
-0 -0 
-0 -0 

-0 -0 
-0 -0 
-0 -0 

-0 -0 
-0 -0 
-0 -0 

-0 -0 
-0 -0 
-0 -0 

-0 -0 
-0 -0 
-0 -0 

-0 -0 
-0 -0 
-0 -0 

-0 -0 
-0 -0 
-0 -0 

-0 -0 
-0 -0 
-0 -0 

-0 -0 
-0 -0 
-0 -0 

-0 -0 
-0 -0 
-0 -0 

-0 -0 
-0 -0 
-0 -0 

-0 -0 
-0 -0 
-0 -0 

-0 -0 
-0 -0 
-0 -0 

-0 -0 
-0 -0 
-0 -0 

-0 -0 
-0 -0 
-0 -0 

-0 -0 
-0 -0 
-0 -0 

-0 -0 
-0 -0 
-0 -0 

-0 -0 
-0 -0 
-0 -0 

-0 -0 
-0 -0 
-0 -0 

-0 -0 
-0 -0 
-0 -0 

-0 -0 
-0 -0 
-0 -0 

-0 -0 
-0 -0 
-0 -0 

-0 -0 
-0 -0 
-0 -0 

-0 -0 
-0 -0 
-0 -0 

0 0 
0 0 
0 0 

-0 -0 
-0 -0 
-0 -0 

-0 -0 
-0 -0 
-0 -0 

-0 -0 
-0 -0 
-0 -0 

-0 -0 
-0 -0 
-0 -0 

-0 -0 
-0 -0 
-0 -0 

-0 -0 
-0 -0 
-0 -0 

-0 -0 
-0 -0 
-0 -0 

-0 -0 
-0 -0 
-0 -0 

-0 -0 
-0 -0 
-0 -0 

-0 -0 
-0 -0 
-0 -0 

-0 -0 
-0 -0 
-0 -0 

-0 -0 
-0 -0 
-0 -0 

-0 -0 
-0 -0 
-0 -0 

-0 -0 
-0 -0 
-0 -0 

-0 -0 
-0 -0 
-0 -0 

-0 -0 
-0 -0 
-0 -0 

-0 -0 
-0 -0 
-0 -0 

-0 -0 
-0 -0 
-0 -0 

-0 -0 
-0 -0 
-0 -0 

-0 -0 
-0 -0 
-0 -0 

-0 -0 
-0 -0 
-0 -0 

-0 -0 
-0 -0 
-0 -0 

-0 -0 
-0 -0 
-0 -0 

-0 -0 
-0 -0 
-0 -0 

-0 -0 
-0 -0 
-0 -0 

-0 -0 
-0 -0 
-0 -0 

-0 -0 
-0 -0 
-0 -0 

-0 -0 
-0 -0 
-0 -0 

-0 -0 
-0 -0 
-0 -0 

-0 -0 
-0 -0 
-0 -0 

-0 -0 
-0 -0 
-0 -0 

0 0 
0 0 
0 0 

0 0 
0 0 
0 0 

-0 -0 
-0 -0 
-0 -0 

-0 -0 
-0 -0 
-0 -0 

-0 -0 
-0 -0 
-0 -0 

-0 -0 
-0 -0 
-0 -0 

-0 -0 
-0 -0 
-0 -0 

0 0 
0 0 
0 0 

-0 -0 
-0 -0 
-0 -0 

-0 -0 
-0 -0 
-0 -0 

-0 -0 
-0 -0 
-0 -0 

-0 -0 
-0 -0 
-0 -0 

-0 -0 
-0 -0 
-0 -0 

-0 -0 
-0 -0 
-0 -0 

-0 -0 
-0 -0 
-0 -0 

-0 -0 
-0 -0 
-0 -0 

-0 -0 
-0 -0 
-0 -0 

-0 -0 
-0 -0 
-0 -0 

-0 -0 
-0 -0 
-0 -0 

-0 -0 
-0 -0 
-0 -0 

-0 -0 
-0 -0 
-0 -0 

0 0 
0 0 
0 0 

-0 -0 
-0 -0 
-0 -0 

-0 -0 
-0 -0 
-0 -0 

-0 -0 
-0 -0 
-0 -0 

-0 -0 
-0 -0 
-0 -0 

-0 -0 
-0 -0 
-0 -0 

-0 -0 
-0 -0 
-0 -0 

-0 -0 
-0 -0 
-0 -0 

-0 -0 
-0 -0 
-0 -0 

-0 -0 
-0 -0 
-0 -0 

-0 -0 
-0 -0 
-0 -0 

-0 -0 
-0 -0 
-0 -0 

-0 -0 
-0 -0 
-0 -0 

-0 -0 
-0 -0 
-0 -0 

-0 -0 
-0 -0 
-0 -0 

0 0 
0 0 
0 0 

-0 -0 
-0 -0 
-0 -0 

-0 -0 
-0 -0 
-0 -0 

-0 -0 
-0 -0 
-0 -0 

-0 -0 
-0 -0 
-0 -0 

-0 -0 
-0 -0 
-0 -0 

0 0 
0 0 
0 0 

-0 -0 
-0 -0 
-0 -0 

-0 -0 
-0 -0 
-0 -0 

-0 -0 
-0 -0 
-0 -0 

-0 -0 
-0 -0 
-0 -0 

0 0 
0 0 
0 0 

-0 -0 
-0 -0 
-0 -0 

-0 -0 
-0 -0 
-0 -0 

-0 -0 
-0 -0 
-0 -0 

0 0 
0 0 
0 0 

-0 -0 
-0 -0 
-0 -0 

-0 -0 
-0 -0 
-0 -0 

-0 -0 
-0 -0 
-0 -0 

0 0 
0 0 
0 0 

-0 -0 
-0 -0 
-0 -0 

-0 -0 
-0 -0 
-0 -0 

0 0 
0 0 
0 0 

-0 -0 
-0 -0 
-0 -0 

-0 -0 
-0 -0 
-0 -0 

0 0 
0 0 
0 0 

-0 -0 
-0 -0 
-0 -0 

0 0 
0 0 
0 0 

-0 -0 
-0 -0 
-0 -0 

0 0 
0 0 
0 0 

-0 -0 
-0 -0 
-0 -0 

-0 -0 
-0 -0 
-0 -0 

0 0 
0 0 
0 0 

-5.62705e-14 -8.24407e-14 
4.01601e-09 5.88377e-09 
-3.89002e-09 -5.69919e-09 

-0 -0 
-0 -0 
-0 -0 

0 0 
0 0 
0 0 

-6.40273e-14 -9.38052e-14 
5.50389e-17 8.06364e-17 
-5.62705e-14 -8.24407e-14 

-7.17625e-14 -1.05138e-13 
6.90273e-17 1.01131e-16 
-6.40273e-14 -9.38052e-14 

-7.83167e-14 -1.1474e-13 
7.60794e-17 1.11462e-16 
-7.17625e-14 -1.05138e-13 

-8.49438e-14 -1.24449e-13 
7.46694e-17 1.09397e-16 
-7.83167e-14 -1.1474e-13 

-1.83695e-13 -2.71945e-13 
0.0643574 -0.0428706 
-0.0643447 0.042862 

-1.81037e-13 -2.73715e-13 
0.0643723 -0.0428759 
-0.0643596 0.0428674 

-9.25084e-14 -1.35532e-13 
2.40527e-17 3.52391e-17 
-8.49438e-14 -1.24449e-13 

-9.43225e-14 -1.44137e-13 
-8.7005e-14 -1.32955e-13 
3.03421e-17 4.63667e-17 

-9.43225e-14 -1.44137e-13 
2.88094e-17 4.40244e-17 
-8.98503e-14 -1.37303e-13 

