 30 1 29
 31 1 30
 32 1 31
 33 1 32
 34 1 33
 35 1 34
 36 1 35
 37 1 36
 38 1 37
 39 1 38
 40 1 39
 45 42 43
 45 43 44
 46 41 42
 46 42 45
 47 1 40
 47 40 41
 47 41 46
 48 2 1
 48 1 47
 49 47 46
 49 48 47
 50 46 45
 50 49 46
 51 45 44
 51 50 45
 52 44 43
 52 51 44
 53 43 42
 53 52 43
 54 42 41
 54 53 42
 55 41 40
 55 54 41
 56 40 39
 56 55 40
 57 39 38
 57 56 39
 58 9 57
 58 57 38
 59 38 37
 59 9 58
 59 58 38
 60 59 37
 67 66 65
 68 65 64
 68 67 65
 69 64 63
 69 68 64
 70 69 63
 71 63 62
 71 70 63
 72 71 62
 73 72 62
 74 62 61
 74 73 62
 75 74 61
 76 75 61
 77 76 61
 78 61 60
 78 77 61
 79 78 60
 80 60 37
 80 79 60
 81 80 37
 82 37 36
 82 81 37
 83 82 36
 84 36 35
 84 83 36
 85 35 34
 85 84 35
 86 34 33
 86 85 34
 87 33 32
 87 86 33
 88 32 31
 88 87 32
 89 88 31
 90 31 30
 90 89 31
 91 30 29
 91 90 30
 92 29 28
 92 91 29
 93 28 27
 93 92 28
 94 27 26
 94 93 27
 95 26 25
 95 94 26
 96 25 24
 96 95 25
 97 24 23
 97 96 24
 98 23 22
 98 97 23
 99 22 21
 99 98 22
 100 21 20
 100 99 21
 101 20 19
 101 100 20
 102 19 18
 102 101 19
 103 17 16
 103 18 17
 103 102 18
 104 16 15
 104 103 16
 105 15 14
 105 104 15
 106 14 13
 106 105 14
 107 13 12
 107 106 13
 108 107 12
 110 12 0
 110 108 12
 110 3 109
 110 109 108
 130 7 129
 131 7 130
 132 7 131
 133 7 132
 134 7 133
 135 7 134
 136 7 135
 143 142 6
 143 141 142
 144 140 141
 144 141 143
 145 139 140
 145 140 144
 146 138 139
 146 139 145
 147 137 138
 147 138 146
 148 137 147
 149 7 136
 149 136 137
 149 137 148
 150 7 149
 150 149 148
 151 148 147
 151 150 148
 152 147 146
 152 151 147
 153 146 145
 153 152 146
 154 145 144
 154 153 145
 155 9 154
 156 9 155
 157 9 156
 158 9 157
 159 9 158
 160 9 159
 161 9 160
 162 9 161
 163 9 162
 164 9 163
 165 9 164
 166 9 165
 167 9 166
 168 9 167
 169 9 168
 170 9 169
 171 9 170
 172 9 171
 173 9 172
 174 9 173
 175 9 174
 176 9 175
 177 9 176
 178 9 177
 179 9 178
 180 9 179
 181 9 180
 182 9 181
 183 9 182
 184 9 183
 185 9 184
 186 9 185
 187 9 186
 188 9 187
 189 9 188
 190 9 189
 191 9 190
 192 9 191
 193 9 192
 194 57 9
 194 9 193
 195 56 57
 195 57 194
 196 56 195
 197 56 196
 198 56 197
 199 55 56
 199 56 198
 200 54 55
 200 55 199
 201 51 52
 201 52 53
 201 53 54
 201 54 200
 202 2 48
 202 48 49
 202 49 50
 202 50 51
 202 51 201
 203 2 202
 204 2 203
 205 2 204
 206 2 205
 207 2 206
 208 2 207
 209 2 208
 210 2 209
 211 2 210
 212 2 211
 213 2 212
 214 2 213
 215 2 214
 216 2 215
 217 2 216
 218 2 217
 219 2 218
 220 2 219
 221 2 220
 222 2 221
 223 2 222
 224 2 223
 225 2 224
 226 2 225
 227 2 226
 228 2 227
 229 2 228
 230 2 229
 231 2 230
 232 2 231
 233 2 232
 234 2 233
 235 2 234
 236 2 235
 237 2 236
 238 2 237
 239 2 238
 240 2 239
 241 2 240
 242 2 241
 243 2 242
 244 2 243
 245 2 244
 246 2 245
 247 1 2
 247 29 1
 247 28 29
 247 2 246
 248 25 26
 248 26 27
 248 27 28
 248 28 247
 248 247 246
 249 23 24
 249 24 25
 249 25 248
 249 248 246
 250 22 23
 250 23 249
 250 249 246
 251 20 21
 251 21 22
 251 22 250
 251 250 246
 252 18 19
 252 19 20
 252 20 251
 252 251 246
 253 0 12
 253 12 13
 253 13 14
 253 14 15
 253 15 16
 253 16 17
 253 17 18
 253 18 252
 253 252 246
 254 246 245
 254 0 253
 254 253 246
 255 0 254
 255 254 245
 256 110 0
 256 0 255
 256 255 245
 257 3 110
 257 245 244
 257 110 256
 257 256 245
 258 244 243
 258 3 257
 258 257 244
 259 243 242
 259 3 258
 259 258 243
 260 3 259
 260 259 242
 261 242 241
 261 3 260
 261 260 242
 262 241 240
 262 3 261
 262 261 241
 263 240 239
 263 3 262
 263 262 240
 264 239 238
 264 3 263
 264 263 239
 265 3 264
 265 264 238
 266 238 237
 266 3 265
 266 265 238
 267 237 236
 267 3 266
 267 266 237
 268 236 235
 268 267 236
 269 235 234
 269 268 235
 270 234 233
 270 269 234
 271 233 232
 271 270 233
 272 232 231
 272 271 232
 273 231 230
 273 272 231
 274 230 229
 274 273 230
 275 229 228
 275 274 229
 276 228 227
 276 275 228
 277 227 226
 277 276 227
 278 226 225
 278 277 226
 279 225 224
 279 278 225
 280 224 223
 280 279 224
 281 222 221
 281 223 222
 281 280 223
 282 221 220
 282 281 221
 283 220 219
 283 282 220
 284 219 218
 284 283 219
 285 217 216
 285 218 217
 285 284 218
 286 216 215
 286 285 216
 287 215 214
 287 286 215
 288 214 213
 288 287 214
 289 212 211
 289 213 212
 289 288 213
 290 211 210
 290 289 211
 291 210 209
 291 290 210
 292 209 208
 292 291 209
 293 207 206
 293 208 207
 293 292 208
 294 206 205
 294 293 206
 295 205 204
 295 294 205
 296 203 202
 296 204 203
 296 295 204
 297 202 201
 297 296 202
 298 201 200
 298 297 201
 299 199 198
 299 200 199
 299 298 200
 300 198 197
 300 299 198
 301 197 196
 301 300 197
 302 195 194
 302 196 195
 302 301 196
 303 194 193
 303 302 194
 304 193 192
 304 303 193
 305 191 190
 305 192 191
 305 304 192
 306 190 189
 306 305 190
 307 188 187
 307 189 188
 307 306 189
 308 187 186
 308 307 187
 309 186 185
 309 308 186
 310 184 183
 310 185 184
 310 309 185
 311 183 182
 311 310 183
 312 181 180
 312 182 181
 312 311 182
 313 180 179
 313 312 180
 314 178 177
 314 179 178
 314 313 179
 315 177 176
 315 314 177
 316 175 174
 316 176 175
 316 315 176
 317 174 173
 317 316 174
 318 173 172
 318 317 173
 319 171 170
 319 172 171
 319 318 172
 320 170 169
 320 319 170
 321 168 167
 321 169 168
 321 320 169
 322 167 166
 322 321 167
 323 166 165
 323 322 166
 324 164 163
 324 165 164
 324 323 165
 325 163 162
 325 324 163
 326 161 160
 326 162 161
 326 325 162
 327 160 159
 327 326 160
 328 159 158
 328 327 159
 329 158 157
 329 328 158
 330 156 155
 330 157 156
 330 329 157
 331 154 144
 331 155 154
 331 330 155
 332 144 143
 332 331 144
 333 143 6
 333 332 143
 334 333 6
 335 334 6
 336 6 142
 336 335 6
 337 142 141
 337 336 142
 338 141 140
 338 337 141
 339 140 139
 339 338 140
 340 139 138
 340 339 139
 341 137 136
 341 138 137
 341 340 138
 342 136 135
 342 341 136
 343 135 134
 343 342 135
 344 134 133
 344 343 134
 345 133 132
 345 344 133
 346 132 131
 346 345 132
 347 131 130
 347 346 131
 348 130 129
 348 347 130
 349 129 128
 349 348 129
 350 128 127
 350 349 128
 351 127 126
 351 350 127
 352 126 125
 352 351 126
 353 125 124
 353 352 125
 354 124 123
 354 353 124
 355 123 122
 355 354 123
 356 122 121
 356 355 122
 357 121 5
 357 356 121
 358 5 120
 358 357 5
 359 119 118
 359 120 119
 359 358 120
 360 118 117
 360 359 118
 361 117 116
 361 360 117
 362 116 115
 362 361 116
 363 115 114
 363 362 115
 364 114 113
 364 363 114
 365 113 112
 365 364 113
 366 112 111
 366 365 112
 367 366 111
 368 111 4
 368 367 111
 369 368 4
 369 8 368
 370 154 9
 374 372 373
 375 371 372
 375 372 374
 376 371 375
 377 370 371
 377 371 376
 384 380 381
 384 381 382
 384 382 383
 385 379 380
 385 380 384
 386 378 379
 386 379 385
 387 377 378
 387 378 386
 388 370 377
 388 377 387
 389 154 370
 389 370 388
 390 153 154
 390 154 389
 391 153 390
 392 153 391
 393 152 153
 393 153 392
 394 152 393
 395 152 394
 396 151 152
 396 152 395
 397 151 396
 398 150 151
 398 151 397
 399 150 398
 400 7 150
 400 150 399
 401 7 400
 402 7 401
 403 7 402
 404 7 403
 405 7 404
 406 7 405
 407 7 406
 408 7 407
 409 7 408
 410 7 409
 411 7 410
 412 7 411
 413 7 412
 414 127 128
 414 129 7
 414 128 129
 414 7 413
 415 125 126
 415 126 127
 415 127 414
 416 123 124
 416 124 125
 416 125 415
 417 122 123
 417 123 416
 418 5 121
 418 121 122
 418 122 417
 419 120 5
 419 5 418
 420 118 119
 420 119 120
 420 418 417
 420 120 419
 420 419 418
 421 116 117
 421 117 118
 421 118 420
 421 420 417
 422 4 111
 422 111 112
 422 112 113
 422 113 114
 422 114 115
 422 115 116
 422 116 421
 422 421 417
 423 8 369
 423 369 4
 423 417 416
 423 4 422
 423 422 417
 424 415 414
 424 416 415
 424 8 423
 424 423 416
 425 414 413
 425 8 424
 425 424 414
 426 412 411
 426 413 412
 426 8 425
 426 425 413
 427 411 410
 427 8 426
 427 426 411
 428 410 409
 428 8 427
 428 427 410
 429 409 408
 429 8 428
 429 428 409
 430 429 408
 431 408 407
 431 430 408
 432 407 406
 432 431 407
 433 406 405
 433 432 406
 434 405 404
 434 433 405
 435 404 403
 435 434 404
 436 403 402
 436 435 403
 437 402 401
 437 436 402
 438 401 400
 438 437 401
 439 400 399
 439 438 400
 440 399 398
 440 439 399
 441 398 397
 441 440 398
 442 397 396
 442 441 397
 443 396 395
 443 442 396
 444 443 395
 445 395 394
 445 444 395
 446 394 393
 446 445 394
 447 393 392
 447 446 393
 448 392 391
 448 447 392
 449 391 390
 449 448 391
 450 390 389
 450 449 390
 451 389 388
 451 450 389
 452 388 387
 452 451 388
 453 387 386
 453 452 387
 454 386 385
 454 453 386
 455 385 384
 455 454 385
 456 384 383
 456 455 384
 457 383 382
 457 456 383
 458 382 381
 458 457 382
 459 381 380
 459 458 381
 460 380 379
 460 459 380
 461 379 378
 461 460 379
 462 378 377
 462 461 378
 463 377 376
 463 462 377
 464 376 375
 464 463 376
 465 375 374
 465 464 375
 466 374 373
 466 465 374
 467 373 372
 467 466 373
 468 467 372
 469 372 371
 469 468 372
 470 371 370
 470 469 371
 471 470 370
 471 10 470
 472 370 9
 472 471 370
 472 10 471
 473 10 11
 474 10 473
 475 446 447
 475 447 448
 475 448 449
 475 449 450
 475 450 451
 475 451 452
 475 452 453
 475 453 454
 475 454 455
 475 455 456
 475 456 457
 475 457 458
 475 458 459
 475 459 460
 475 460 461
 475 461 462
 475 462 463
 475 463 464
 475 464 465
 475 465 466
 475 466 467
 475 467 468
 475 468 469
 475 470 10
 475 469 470
 475 10 474
 476 431 432
 476 432 433
 476 433 434
 476 434 435
 476 435 436
 476 436 437
 476 437 438
 476 438 439
 476 439 440
 476 440 441
 476 441 442
 476 442 443
 476 443 444
 476 444 445
 476 445 446
 476 446 475
 477 357 358
 477 358 359
 477 359 360
 477 360 361
 477 361 362
 477 362 363
 477 363 364
 477 364 365
 477 365 366
 477 366 367
 477 368 8
 477 367 368
 477 8 429
 477 429 430
 477 430 431
 477 431 476
 478 303 304
 478 304 305
 478 305 306
 478 306 307
 478 307 308
 478 308 309
 478 309 310
 478 310 311
 478 311 312
 478 312 313
 478 313 314
 478 314 315
 478 315 316
 478 316 317
 478 317 318
 478 318 319
 478 319 320
 478 320 321
 478 321 322
 478 322 323
 478 323 324
 478 324 325
 478 325 326
 478 326 327
 478 327 328
 478 328 329
 478 329 330
 478 330 331
 478 331 332
 478 332 333
 478 333 334
 478 334 335
 478 335 336
 478 336 337
 478 337 338
 478 338 339
 478 339 340
 478 340 341
 478 341 342
 478 342 343
 478 343 344
 478 344 345
 478 345 346
 478 346 347
 478 347 348
 478 348 349
 478 349 350
 478 350 351
 478 351 352
 478 352 353
 478 353 354
 478 354 355
 478 355 356
 478 356 357
 478 357 477
 479 272 273
 479 273 274
 479 274 275
 479 275 276
 479 276 277
 479 277 278
 479 278 279
 479 279 280
 479 280 281
 479 281 282
 479 282 283
 479 283 284
 479 284 285
 479 285 286
 479 286 287
 479 287 288
 479 288 289
 479 289 290
 479 290 291
 479 291 292
 479 292 293
 479 293 294
 479 294 295
 479 295 296
 479 296 297
 479 297 298
 479 298 299
 479 299 300
 479 300 301
 479 301 302
 479 302 303
 479 303 478
 480 3 267
 480 267 268
 480 268 269
 480 269 270
 480 270 271
 480 271 272
 480 272 479
 481 97 98
 481 98 99
 481 99 100
 481 100 101
 481 101 102
 481 102 103
 481 103 104
 481 104 105
 481 105 106
 481 106 107
 481 107 108
 481 109 3
 481 108 109
 481 3 480
 482 83 84
 482 84 85
 482 85 86
 482 86 87
 482 87 88
 482 88 89
 482 89 90
 482 90 91
 482 91 92
 482 92 93
 482 93 94
 482 94 95
 482 95 96
 482 96 97
 482 97 481
 483 78 79
 483 79 80
 483 80 81
 483 81 82
 483 82 83
 483 83 482
 484 74 75
 484 75 76
 484 76 77
 484 77 78
 484 78 483
 485 71 72
 485 72 73
 485 73 74
 485 74 484
 486 68 69
 486 69 70
 486 70 71
 486 71 485
 487 66 67
 487 67 68
 487 68 486
 488 64 65
 488 65 66
 488 66 487
 489 63 64
 489 64 488
 490 62 63
 490 63 489
 491 60 61
 491 61 62
 491 62 490
 492 9 59
 492 59 60
 492 60 491
 493 9 492
 494 9 493
 495 9 494
 496 9 495
 497 472 9
 497 10 472
 497 9 496
 498 11 10
 498 10 497
