1 0.0311991 0.845526 
0.0311991 1 0.14748 
0.845526 0.14748 1 

1 0.0028124 0.845525 
0.0028124 1 0.0311991 
0.845525 0.0311991 1 

1 6.51298e-06 0.845538 
6.51298e-06 1 0.0028124 
0.845538 0.0028124 1 

1 0.000195431 0.845548 
0.000195431 1 6.51298e-06 
0.845548 6.51298e-06 1 

1 0.00574369 0.845536 
0.00574369 1 0.000195431 
0.845536 0.000195431 1 

1 0.0311894 0.84526 
0.0311894 1 0.00574369 
0.84526 0.00574369 1 

1 0.0935129 0.845736 
0.0935129 1 0.0311894 
0.845736 0.0311894 1 

1 0.207244 0.845153 
0.207244 1 0.0935129 
0.845153 0.0935129 1 

1 0.383054 0.843529 
0.383054 1 0.207244 
0.843529 0.207244 1 

1 0.61209 0.864967 
0.61209 1 0.383054 
0.864967 0.383054 1 

1 0.786258 0.931801 
0.786258 1 0.61209 
0.931801 0.61209 1 

1 0.981514 0.991924 
0.981514 1 0.997585 
0.991924 0.997585 1 

1 0.991924 0.997993 
0.991924 1 0.99784 
0.997993 0.99784 1 

1 0.931832 0.968823 
0.931832 1 0.990559 
0.968823 0.990559 1 

1 0.968823 0.997983 
0.968823 1 0.981514 
0.997983 0.981514 1 

1 0.99813 0.81181 
0.99813 1 0.786258 
0.81181 0.786258 1 

1 0.81181 0.912447 
0.81181 1 0.967731 
0.912447 0.967731 1 

1 0.912447 0.998139 
0.912447 1 0.931832 
0.998139 0.931832 1 

1 0.997975 0.997416 
0.997975 1 0.998647 
0.997416 0.998647 1 

1 0.997416 0.998413 
0.997416 1 0.99813 
0.998413 0.99813 1 

1 0.997016 0.998078 
0.997016 1 0.998139 
0.998078 0.998139 1 

1 0.997975 0.997016 
0.997975 1 0.998413 
0.997016 0.998413 1 

1 0.996502 0.997496 
0.996502 1 0.997983 
0.997496 0.997983 1 

1 0.997975 0.996502 
0.997975 1 0.998078 
0.996502 0.998078 1 

1 0.995885 0.996534 
0.995885 1 0.997993 
0.996534 0.997993 1 

1 0.997975 0.995885 
0.997975 1 0.997496 
0.995885 0.997496 1 

1 0.994839 0.994915 
0.994839 1 0.99784 
0.994915 0.99784 1 

1 0.997975 0.994839 
0.997975 1 0.996534 
0.994839 0.996534 1 

1 0.99209 0.99226 
0.99209 1 0.997585 
0.99226 0.997585 1 

1 0.996738 0.99209 
0.996738 1 0.994915 
0.99209 0.994915 1 

1 0.982676 0.983351 
0.982676 1 0.990559 
0.983351 0.990559 1 

1 0.991414 0.982676 
0.991414 1 0.99226 
0.982676 0.99226 1 

1 0.955135 0.94862 
0.955135 1 0.967731 
0.94862 0.967731 1 

1 0.973705 0.955135 
0.973705 1 0.983351 
0.955135 0.983351 1 

1 0.862888 0.831097 
0.862888 1 0.931801 
0.831097 0.931801 1 

1 0.915091 0.862888 
0.915091 1 0.94862 
0.862888 0.94862 1 

1 0.65657 0.528481 
0.65657 1 0.864967 
0.528481 0.864967 1 

1 0.845515 0.65657 
0.845515 1 0.831097 
0.65657 0.831097 1 

1 4.05795e+07 0.845494 
4.05795e+07 1 3.94567e+07 
0.845494 3.94567e+07 1 

1 0.845494 0.367775 
0.845494 1 0.528481 
0.367775 0.528481 1 

1 0.200902 0.109287 
0.200902 1 0.843529 
0.109287 0.843529 1 

1 4.17412e+07 0.845489 
4.17412e+07 1 4.05795e+07 
0.845489 4.05795e+07 1 

1 0.845489 0.200902 
0.845489 1 0.367775 
0.200902 0.367775 1 

1 0.845372 0.044307 
0.845372 1 0.109287 
0.044307 0.109287 1 

1 0.987142 0.951912 
0.987142 1 0.986781 
0.951912 0.986781 1 

1 0.901682 0.837539 
0.901682 1 0.986272 
0.837539 0.986272 1 

1 0.987432 0.901682 
0.987432 1 0.951912 
0.901682 0.951912 1 

1 0.770266 0.678155 
0.770266 1 0.979355 
0.678155 0.979355 1 

1 0.987657 0.770266 
0.987657 1 0.837539 
0.770266 0.837539 1 

1 0.98779 0.608433 
0.98779 1 0.678155 
0.608433 0.678155 1 

1 0.540899 0.409588 
0.540899 1 0.949153 
0.409588 0.949153 1 

1 0.987829 0.540899 
0.987829 1 0.608433 
0.540899 0.608433 1 

1 0.987802 0.355896 
0.987802 1 0.409588 
0.355896 0.409588 1 

1 0.987784 0.306686 
0.987784 1 0.355896 
0.306686 0.355896 1 

1 0.261914 0.152172 
0.261914 1 0.894666 
0.152172 0.894666 1 

1 0.987824 0.261914 
0.987824 1 0.306686 
0.261914 0.306686 1 

1 0.987851 0.127323 
0.987851 1 0.152172 
0.127323 0.152172 1 

1 0.987531 0.105127 
0.987531 1 0.127323 
0.105127 0.127323 1 

1 0.987071 0.0853242 
0.987071 1 0.105127 
0.0853242 0.105127 1 

1 0.0678399 0.0274434 
0.0678399 1 0.845519 
0.0274434 0.845519 1 

1 0.986626 0.0678399 
0.986626 1 0.0853242 
0.0678399 0.0853242 1 

1 0.986169 0.0211022 
0.986169 1 0.0274434 
0.0211022 0.0274434 1 

1 0.0150797 0.00252806 
0.0150797 1 0.044307 
0.00252806 0.044307 1 

1 0.981816 0.0150797 
0.981816 1 0.0211022 
0.0150797 0.0211022 1 

1 0.964734 0.00386379 
0.964734 1 0.00252806 
0.00386379 0.00252806 1 

1 0.00623436 0.0143425 
0.00623436 1 0.845153 
0.0143425 0.845153 1 

1 0.927299 0.00623436 
0.927299 1 0.00386379 
0.00623436 0.00386379 1 

1 0.846018 0.0278445 
0.846018 1 0.0143425 
0.0278445 0.0143425 1 

1 0.039086 0.0683375 
0.039086 1 0.845736 
0.0683375 0.845736 1 

1 0.845509 0.039086 
0.845509 1 0.0278445 
0.039086 0.0278445 1 

1 0.0916843 0.125506 
0.0916843 1 0.84526 
0.125506 0.84526 1 

1 0.845498 0.0916843 
0.845498 1 0.0683375 
0.0916843 0.0683375 1 

1 0.16401 0.195047 
0.16401 1 0.845536 
0.195047 0.845536 1 

1 0.845519 0.16401 
0.845519 1 0.125506 
0.16401 0.125506 1 

1 0.250929 0.272193 
0.250929 1 0.845548 
0.272193 0.845548 1 

1 0.84546 0.250929 
0.84546 1 0.195047 
0.250929 0.195047 1 

1 0.346603 0.352178 
0.346603 1 0.845538 
0.352178 0.845538 1 

1 0.845393 0.346603 
0.845393 1 0.272193 
0.346603 0.272193 1 

1 0.845393 0.445157 
0.845393 1 0.352178 
0.445157 0.352178 1 

1 0.434266 0.54128 
0.434266 1 0.845525 
0.54128 0.845525 1 

1 0.845462 0.434266 
0.845462 1 0.445157 
0.434266 0.445157 1 

1 0.523416 0.631094 
0.523416 1 0.845526 
0.631094 0.845526 1 

1 0.84551 0.523416 
0.84551 1 0.54128 
0.523416 0.54128 1 

1 0.605452 0.711765 
0.605452 1 0.845531 
0.711765 0.845531 1 

1 0.845533 0.605452 
0.845533 1 0.631094 
0.605452 0.631094 1 

1 0.677843 0.781428 
0.677843 1 0.845531 
0.781428 0.845531 1 

1 0.845541 0.677843 
0.845541 1 0.711765 
0.677843 0.711765 1 

1 0.739085 0.839142 
0.739085 1 0.845533 
0.839142 0.845533 1 

1 0.845542 0.739085 
0.845542 1 0.781428 
0.739085 0.781428 1 

1 0.788653 0.884778 
0.788653 1 0.845537 
0.884778 0.845537 1 

1 0.845541 0.788653 
0.845541 1 0.839142 
0.788653 0.839142 1 

1 0.826906 0.919214 
0.826906 1 0.845528 
0.919214 0.845528 1 

1 0.845539 0.826906 
0.845539 1 0.884778 
0.826906 0.884778 1 

1 0.855041 0.943604 
0.855041 1 0.845539 
0.943604 0.845539 1 

1 0.845538 0.855041 
0.845538 1 0.919214 
0.855041 0.919214 1 

1 0.874511 0.959763 
0.874511 1 0.845537 
0.959763 0.845537 1 

1 0.845538 0.874511 
0.845538 1 0.943604 
0.874511 0.943604 1 

1 0.887245 0.970939 
0.887245 1 0.84554 
0.970939 0.84554 1 

1 0.84554 0.887245 
0.84554 1 0.959763 
0.887245 0.959763 1 

1 0.916151 0.988137 
0.916151 1 0.908551 
0.988137 0.908551 1 

1 0.870964 0.916151 
0.870964 1 0.970939 
0.916151 0.970939 1 

1 0.954116 0.993417 
0.954116 1 0.955925 
0.993417 0.955925 1 

1 0.946375 0.954116 
0.946375 1 0.988137 
0.954116 0.988137 1 

1 0.975121 0.995803 
0.975121 1 0.978763 
0.995803 0.978763 1 

1 0.975826 0.975121 
0.975826 1 0.993417 
0.975121 0.993417 1 

1 0.997063 0.992522 
0.997063 1 0.994893 
0.992522 0.994893 1 

1 0.986327 0.997063 
0.986327 1 0.989669 
0.997063 0.989669 1 

1 0.988849 0.986327 
0.988849 1 0.995803 
0.986327 0.995803 1 

1 0.997797 0.995695 
0.997797 1 0.99742 
0.995695 0.99742 1 

1 0.994697 0.997797 
0.994697 1 0.992522 
0.997797 0.992522 1 

1 0.998243 0.997451 
0.998243 1 0.99866 
0.997451 0.99866 1 

1 0.997083 0.998243 
0.997083 1 0.995695 
0.998243 0.995695 1 

1 0.998539 0.998182 
0.998539 1 0.999275 
0.998182 0.999275 1 

1 0.998688 0.998539 
0.998688 1 0.997451 
0.998539 0.997451 1 

1 0.998745 0.998415 
0.998745 1 0.999487 
0.998415 0.999487 1 

1 0.999413 0.998745 
0.999413 1 0.998182 
0.998745 0.998182 1 

1 0.999413 0.998898 
0.999413 1 0.998415 
0.998898 0.998415 1 

1 0.999094 0.999756 
0.999094 1 0.999487 
0.999756 0.999487 1 

1 0.99926 0.999094 
0.99926 1 0.998898 
0.999094 0.998898 1 

1 0.999756 0.999654 
0.999756 1 0.999852 
0.999654 0.999852 1 

1 0.999654 0.99926 
0.999654 1 0.999852 
0.99926 0.999852 1 

1 16.8218 0.845543 
16.8218 1 26.8099 
0.845543 26.8099 1 

1 10.1398 0.845543 
10.1398 1 16.8218 
0.845543 16.8218 1 

1 5.83396 0.845543 
5.83396 1 10.1398 
0.845543 10.1398 1 

1 3.17871 0.845543 
3.17871 1 5.83396 
0.845543 5.83396 1 

1 1.62454 0.845543 
1.62454 1 3.17871 
0.845543 3.17871 1 

1 0.769767 0.845543 
0.769767 1 1.62454 
0.845543 1.62454 1 

1 0.333554 0.845543 
0.333554 1 0.769767 
0.845543 0.769767 1 

1 0.742913 0.845543 
0.742913 1 0.86315 
0.845543 0.86315 1 

1 0.517637 0.742913 
0.517637 1 0.86315 
0.742913 0.86315 1 

1 0.182474 0.346548 
0.182474 1 0.845543 
0.346548 0.845543 1 

1 0.346548 0.845543 
0.346548 1 0.517637 
0.845543 0.517637 1 

1 0.0285898 0.0881723 
0.0285898 1 0.845543 
0.0881723 0.845543 1 

1 0.0881723 0.845543 
0.0881723 1 0.182474 
0.845543 0.182474 1 

1 0.000320187 0.0063909 
0.000320187 1 0.845543 
0.0063909 0.845543 1 

1 0.0063909 0.845543 
0.0063909 1 0.0285898 
0.845543 0.0285898 1 

1 0.000862819 1.02551e-08 
0.000862819 1 0.845543 
1.02551e-08 0.845543 1 

1 1.02551e-08 0.845543 
1.02551e-08 1 0.000320187 
0.845543 0.000320187 1 

1 0.00824455 0.885651 
0.00824455 1 0.000862819 
0.885651 0.000862819 1 

1 0.885651 0.139346 
0.885651 1 0.333554 
0.139346 0.333554 1 

1 0.139346 0.0391791 
0.139346 1 0.845543 
0.0391791 0.845543 1 

1 0.0391791 0.885651 
0.0391791 1 0.00824455 
0.885651 0.00824455 1 

1 0.845543 0.727736 
0.845543 1 0.885651 
0.727736 0.885651 1 

1 0.727736 0.520446 
0.727736 1 0.885651 
0.520446 0.885651 1 

1 0.321017 0.182921 
0.321017 1 0.885651 
0.182921 0.885651 1 

1 0.845544 0.321017 
0.845544 1 0.520446 
0.321017 0.520446 1 

1 0.0766432 0.0222817 
0.0766432 1 0.845543 
0.0222817 0.845543 1 

1 0.845542 0.0766432 
0.845542 1 0.182921 
0.0766432 0.182921 1 

1 0.00315273 3.80444e-05 
0.00315273 1 0.845543 
3.80444e-05 0.845543 1 

1 0.84554 0.00315273 
0.84554 1 0.0222817 
0.00315273 0.0222817 1 

1 5.83293e-05 0.0046148 
5.83293e-05 1 0.845543 
0.0046148 0.845543 1 

1 0.845539 5.83293e-05 
0.845539 1 3.80444e-05 
5.83293e-05 3.80444e-05 1 

1 369741 0.845544 
369741 1 345848 
0.845544 345848 1 

1 395051 0.845545 
395051 1 369741 
0.845545 369741 1 

1 421846 0.845543 
421846 1 395051 
0.845543 395051 1 

1 450133 0.845542 
450133 1 421846 
0.845542 421846 1 

1 479982 0.845545 
479982 1 450133 
0.845545 450133 1 

1 511478 0.845543 
511478 1 479982 
0.845543 479982 1 

1 544712 0.845541 
544712 1 511478 
0.845541 511478 1 

1 579773 0.845536 
579773 1 544712 
0.845536 544712 1 

1 616741 0.845532 
616741 1 579773 
0.845532 579773 1 

1 655699 0.845531 
655699 1 616741 
0.845531 616741 1 

1 696733 0.84553 
696733 1 655699 
0.84553 655699 1 

1 739929 0.845529 
739929 1 696733 
0.845529 696733 1 

1 785379 0.845528 
785379 1 739929 
0.845528 739929 1 

1 833176 0.845526 
833176 1 785379 
0.845526 785379 1 

1 883415 0.845527 
883415 1 833176 
0.845527 833176 1 

1 936196 0.845522 
936196 1 883415 
0.845522 883415 1 

1 991620 0.845521 
991620 1 936196 
0.845521 936196 1 

1 1.04979e+06 0.845517 
1.04979e+06 1 991620 
0.845517 991620 1 

1 1.11081e+06 0.845518 
1.11081e+06 1 1.04979e+06 
0.845518 1.04979e+06 1 

1 1.1748e+06 0.845517 
1.1748e+06 1 1.11081e+06 
0.845517 1.11081e+06 1 

1 1.24185e+06 0.845519 
1.24185e+06 1 1.1748e+06 
0.845519 1.1748e+06 1 

1 1.31209e+06 0.84552 
1.31209e+06 1 1.24185e+06 
0.84552 1.24185e+06 1 

1 1.38563e+06 0.845523 
1.38563e+06 1 1.31209e+06 
0.845523 1.31209e+06 1 

1 1.4626e+06 0.845526 
1.4626e+06 1 1.38563e+06 
0.845526 1.38563e+06 1 

1 1.54311e+06 0.84553 
1.54311e+06 1 1.4626e+06 
0.84553 1.4626e+06 1 

1 1.6273e+06 0.845534 
1.6273e+06 1 1.54311e+06 
0.845534 1.54311e+06 1 

1 1.71528e+06 0.845537 
1.71528e+06 1 1.6273e+06 
0.845537 1.6273e+06 1 

1 1.80719e+06 0.845538 
1.80719e+06 1 1.71528e+06 
0.845538 1.71528e+06 1 

1 1.90316e+06 0.845539 
1.90316e+06 1 1.80719e+06 
0.845539 1.80719e+06 1 

1 2.00333e+06 0.845538 
2.00333e+06 1 1.90316e+06 
0.845538 1.90316e+06 1 

1 2.10843e+06 0.844095 
2.10843e+06 1 2.00333e+06 
0.844095 2.00333e+06 1 

1 2.21888e+06 0.842138 
2.21888e+06 1 2.10843e+06 
0.842138 2.10843e+06 1 

1 2.33494e+06 0.840181 
2.33494e+06 1 2.21888e+06 
0.840181 2.21888e+06 1 

1 2.45684e+06 0.838276 
2.45684e+06 1 2.33494e+06 
0.838276 2.33494e+06 1 

1 2.58481e+06 0.836452 
2.58481e+06 1 2.45684e+06 
0.836452 2.45684e+06 1 

1 2.71907e+06 0.834725 
2.71907e+06 1 2.58481e+06 
0.834725 2.58481e+06 1 

1 2.85985e+06 0.833109 
2.85985e+06 1 2.71907e+06 
0.833109 2.71907e+06 1 

1 3.00736e+06 0.831615 
3.00736e+06 1 2.85985e+06 
0.831615 2.85985e+06 1 

1 3.16181e+06 0.830249 
3.16181e+06 1 3.00736e+06 
0.830249 3.00736e+06 1 

1 265906 3.32341e+06 
265906 1 3.94567e+07 
3.32341e+06 3.94567e+07 1 

1 3.32341e+06 0.829019 
3.32341e+06 1 3.16181e+06 
0.829019 3.16181e+06 1 

1 225727 244516 
225727 1 0.845515 
244516 0.845515 1 

1 244516 0.827929 
244516 1 265906 
0.827929 265906 1 

1 206932 0.826981 
206932 1 225727 
0.826981 225727 1 

1 189373 0.826175 
189373 1 206932 
0.826175 206932 1 

1 173002 0.825516 
173002 1 189373 
0.825516 189373 1 

1 148340 157768 
148340 1 0.915091 
157768 0.915091 1 

1 157768 0.825001 
157768 1 173002 
0.825001 173002 1 

1 130430 134875 
130430 1 0.973705 
134875 0.973705 1 

1 134875 0.824632 
134875 1 148340 
0.824632 148340 1 

1 113649 114699 
113649 1 0.997975 
114699 0.997975 1 

1 114699 116049 
114699 1 0.996738 
116049 0.996738 1 

1 116049 118293 
116049 1 0.991414 
118293 0.991414 1 

1 118293 0.824408 
118293 1 130430 
0.824408 130430 1 

1 98989.4 99929.7 
98989.4 1 0.997975 
99929.7 0.997975 1 

1 99929.7 100877 
99929.7 1 0.997975 
100877 0.997975 1 

1 100877 101832 
100877 1 0.997975 
101832 0.997975 1 

1 101832 102794 
101832 1 0.997975 
102794 0.997975 1 

1 102794 0.824326 
102794 1 113649 
0.824326 113649 1 

1 89288.7 0.824385 
89288.7 1 98989.4 
0.824385 98989.4 1 

1 80377.3 0.824578 
80377.3 1 89288.7 
0.824578 89288.7 1 

1 72208.3 0.824903 
72208.3 1 80377.3 
0.824903 80377.3 1 

1 64735.8 0.825354 
64735.8 1 72208.3 
0.825354 72208.3 1 

1 57914.9 0.825925 
57914.9 1 64735.8 
0.825925 64735.8 1 

1 51702.4 0.826612 
51702.4 1 57914.9 
0.826612 57914.9 1 

1 46056.3 0.82741 
46056.3 1 51702.4 
0.82741 51702.4 1 

1 40936.4 0.828314 
40936.4 1 46056.3 
0.828314 46056.3 1 

1 36304 0.829322 
36304 1 40936.4 
0.829322 40936.4 1 

1 32122.2 0.830428 
32122.2 1 36304 
0.830428 36304 1 

1 28355.9 0.831628 
28355.9 1 32122.2 
0.831628 32122.2 1 

1 24971.7 0.832916 
24971.7 1 28355.9 
0.832916 28355.9 1 

1 21938.1 0.834285 
21938.1 1 24971.7 
0.834285 24971.7 1 

1 19225.2 0.83573 
19225.2 1 21938.1 
0.83573 21938.1 1 

1 16805.2 0.837245 
16805.2 1 19225.2 
0.837245 19225.2 1 

1 14651.9 0.838822 
14651.9 1 16805.2 
0.838822 16805.2 1 

1 12740.7 0.840453 
12740.7 1 14651.9 
0.840453 14651.9 1 

1 11048.8 0.842122 
11048.8 1 12740.7 
0.842122 12740.7 1 

1 9554.77 0.843796 
9554.77 1 11048.8 
0.843796 11048.8 1 

1 8238.53 0.845381 
8238.53 1 9554.77 
0.845381 9554.77 1 

1 7076.18 0.845553 
7076.18 1 8238.53 
0.845553 8238.53 1 

1 6052.67 0.845557 
6052.67 1 7076.18 
0.845557 7076.18 1 

1 5154.69 0.845557 
5154.69 1 6052.67 
0.845557 6052.67 1 

1 4369.86 0.845552 
4369.86 1 5154.69 
0.845552 5154.69 1 

1 3686.69 0.845545 
3686.69 1 4369.86 
0.845545 4369.86 1 

1 3094.57 0.845534 
3094.57 1 3686.69 
0.845534 3686.69 1 

1 2583.67 0.845521 
2583.67 1 3094.57 
0.845521 3094.57 1 

1 2144.97 0.845506 
2144.97 1 2583.67 
0.845506 2583.67 1 

1 1770.23 0.845493 
1770.23 1 2144.97 
0.845493 2144.97 1 

1 1452.06 0.845492 
1452.06 1 1770.23 
0.845492 1770.23 1 

1 1183.73 0.845506 
1183.73 1 1452.06 
0.845506 1452.06 1 

1 959.004 0.845529 
959.004 1 1183.73 
0.845529 1183.73 1 

1 772.165 0.845552 
772.165 1 959.004 
0.845552 959.004 1 

1 618.01 0.845564 
618.01 1 772.165 
0.845564 772.165 1 

1 491.78 0.845555 
491.78 1 618.01 
0.845555 618.01 1 

1 388.877 0.845537 
388.877 1 491.78 
0.845537 491.78 1 

1 305.282 0.845537 
305.282 1 388.877 
0.845537 388.877 1 

1 237.996 0.845544 
237.996 1 305.282 
0.845544 305.282 1 

1 184.516 0.845543 
184.516 1 237.996 
0.845543 237.996 1 

1 142.446 0.845542 
142.446 1 184.516 
0.845542 184.516 1 

1 109.609 0.84556 
109.609 1 142.446 
0.84556 142.446 1 

1 84.2635 0.84549 
84.2635 1 109.609 
0.84549 109.609 1 

1 64.8838 0.84553 
64.8838 1 84.2635 
0.84553 84.2635 1 

1 50.2596 0.845479 
50.2596 1 64.8838 
0.845479 64.8838 1 

1 44.7442 45.1911 
44.7442 1 0.998647 
45.1911 0.998647 1 

1 2.53457 44.7442 
2.53457 1 0.14748 
44.7442 0.14748 1 

1 1.35971 2.53457 
1.35971 1 0.845531 
2.53457 0.845531 1 

1 45.1911 0.937704 
45.1911 1 50.2596 
0.937704 50.2596 1 

1 0.0555653 0.168489 
0.0555653 1 0.845537 
0.168489 0.845537 1 

1 0.168489 0.426037 
0.168489 1 0.845533 
0.426037 0.845533 1 

1 0.426037 0.943495 
0.426037 1 0.845531 
0.943495 0.845531 1 

1 0.943495 0.948459 
0.943495 1 1.35971 
0.948459 1.35971 1 

1 0.948459 0.812324 
0.948459 1 0.937704 
0.812324 0.937704 1 

1 0.000260943 0.00444552 
0.000260943 1 0.845539 
0.00444552 0.845539 1 

1 0.00444552 0.0269735 
0.00444552 1 0.845528 
0.0269735 0.845528 1 

1 0.0269735 0.952436 
0.0269735 1 0.0555653 
0.952436 0.0555653 1 

1 0.952436 0.668155 
0.952436 1 0.812324 
0.668155 0.812324 1 

1 1.38554e-05 1.26666e-05 
1.38554e-05 1 0.845537 
1.26666e-05 0.845537 1 

1 1.26666e-05 0.954467 
1.26666e-05 1 0.000260943 
0.954467 0.000260943 1 

1 0.954467 0.528145 
0.954467 1 0.668155 
0.528145 0.668155 1 

1 0.00617748 0.00231333 
0.00617748 1 0.908551 
0.00231333 0.908551 1 

1 0.00231333 0.000153845 
0.00231333 1 0.84554 
0.000153845 0.84554 1 

1 0.000153845 0.954702 
0.000153845 1 1.38554e-05 
0.954702 1.38554e-05 1 

1 0.954702 0.403268 
0.954702 1 0.528145 
0.403268 0.528145 1 

1 0.0215163 0.0172388 
0.0215163 1 0.978763 
0.0172388 0.978763 1 

1 0.0172388 0.0111422 
0.0172388 1 0.955925 
0.0111422 0.955925 1 

1 0.0111422 0.954927 
0.0111422 1 0.00617748 
0.954927 0.00617748 1 

1 0.954927 0.299293 
0.954927 1 0.403268 
0.299293 0.403268 1 

1 0.044144 0.0432786 
0.044144 1 0.999487 
0.0432786 0.999487 1 

1 0.0432786 0.0423908 
0.0432786 1 0.999487 
0.0423908 0.999487 1 

1 0.0423908 0.0413073 
0.0423908 1 0.999275 
0.0413073 0.999275 1 

1 0.0413073 0.0397872 
0.0413073 1 0.99866 
0.0397872 0.99866 1 

1 0.0397872 0.0375994 
0.0397872 1 0.99742 
0.0375994 0.99742 1 

1 0.0375994 0.034399 
0.0375994 1 0.994893 
0.034399 0.994893 1 

1 0.034399 0.029699 
0.034399 1 0.989669 
0.029699 0.989669 1 

1 0.029699 0.954564 
0.029699 1 0.0215163 
0.954564 0.0215163 1 

1 0.954564 0.215733 
0.954564 1 0.299293 
0.215733 0.299293 1 

1 0.147566 0.0669917 
0.147566 1 0.845479 
0.0669917 0.845479 1 

1 0.0535494 0.950688 
0.0535494 1 0.044144 
0.950688 0.044144 1 

1 0.950688 0.147566 
0.950688 1 0.215733 
0.147566 0.215733 1 

1 0.053503 0.947647 
0.053503 1 0.0535494 
0.947647 0.0535494 1 

1 0.947647 0.0419561 
0.947647 1 0.0669917 
0.0419561 0.0669917 1 

1 0.0337325 0.0350181 
0.0337325 1 0.999756 
0.0350181 0.999756 1 

1 0.0350181 0.868982 
0.0350181 1 0.053503 
0.868982 0.053503 1 

1 0.868982 0.0162109 
0.868982 1 0.0419561 
0.0162109 0.0419561 1 

1 0.00995494 0.0103891 
0.00995494 1 0.999756 
0.0103891 0.999756 1 

1 0.00365185 0.000585327 
0.00365185 1 0.84553 
0.000585327 0.84553 1 

1 0.0103891 0.845531 
0.0103891 1 0.0337325 
0.845531 0.0337325 1 

1 0.845531 0.00365185 
0.845531 1 0.0162109 
0.00365185 0.0162109 1 

1 1.18587e-05 1.548e-06 
1.18587e-05 1 0.84549 
1.548e-06 0.84549 1 

1 0.00071727 0.845231 
0.00071727 1 0.00995494 
0.845231 0.00995494 1 

1 0.845231 1.18587e-05 
0.845231 1 0.000585327 
1.18587e-05 0.000585327 1 

1 0.000206297 0.00214919 
0.000206297 1 0.84556 
0.00214919 0.84556 1 

1 1.36137e-07 0.845436 
1.36137e-07 1 0.00071727 
0.845436 0.00071727 1 

1 0.845436 0.000206297 
0.845436 1 1.548e-06 
0.000206297 1.548e-06 1 

1 0.00254782 0.845488 
0.00254782 1 1.36137e-07 
0.845488 1.36137e-07 1 

1 0.845488 0.00700405 
0.845488 1 0.00214919 
0.00700405 0.00214919 1 

1 0.0202139 0.0411659 
0.0202139 1 0.845542 
0.0411659 0.845542 1 

1 0.0400807 0.845519 
0.0400807 1 0.00254782 
0.845519 0.00254782 1 

1 0.845519 0.0202139 
0.845519 1 0.00700405 
0.0202139 0.00700405 1 

1 0.0788006 0.13246 
0.0788006 1 0.845543 
0.13246 0.845543 1 

1 0.218995 0.845519 
0.218995 1 0.0400807 
0.845519 0.0400807 1 

1 0.845519 0.0788006 
0.845519 1 0.0411659 
0.0788006 0.0411659 1 

1 0.207807 0.314043 
0.207807 1 0.845544 
0.314043 0.845544 1 

1 0.755215 0.845519 
0.755215 1 0.218995 
0.845519 0.218995 1 

1 0.845519 0.207807 
0.845519 1 0.13246 
0.207807 0.13246 1 

1 0.438449 0.621774 
0.438449 1 0.845537 
0.621774 0.845537 1 

1 2.00635 0.845528 
2.00635 1 0.755215 
0.845528 0.755215 1 

1 0.845528 0.438449 
0.845528 1 0.314043 
0.438449 0.314043 1 

1 4.50207 0.845532 
4.50207 1 2.00635 
0.845532 2.00635 1 

1 0.845532 0.804268 
0.845532 1 0.621774 
0.804268 0.621774 1 

1 1.08902 1.33821 
1.08902 1 0.845537 
1.33821 0.845537 1 

1 8.97322 0.845532 
8.97322 1 4.50207 
0.845532 4.50207 1 

1 0.845532 1.08902 
0.845532 1 0.804268 
1.08902 0.804268 1 

1 1.71594 2.05973 
1.71594 1 0.845555 
2.05973 0.845555 1 

1 16.3799 0.845535 
16.3799 1 8.97322 
0.845535 8.97322 1 

1 0.845535 1.71594 
0.845535 1 1.33821 
1.71594 1.33821 1 

1 2.53438 2.97479 
2.53438 1 0.845564 
2.97479 0.845564 1 

1 0.845538 2.53438 
0.845538 1 2.05973 
2.53438 2.05973 1 

1 3.54409 4.08656 
3.54409 1 0.845552 
4.08656 0.845552 1 

1 0.845532 3.54409 
0.845532 1 2.97479 
3.54409 2.97479 1 

1 4.74304 5.39337 
4.74304 1 0.845529 
5.39337 0.845529 1 

1 0.84554 4.74304 
0.84554 1 4.08656 
4.74304 4.08656 1 

1 6.14179 6.90162 
6.14179 1 0.845506 
6.90162 0.845506 1 

1 0.84094 6.14179 
0.84094 1 5.39337 
6.14179 5.39337 1 

1 7.75764 8.62397 
7.75764 1 0.845492 
8.62397 0.845492 1 

1 0.833077 7.75764 
0.833077 1 6.90162 
7.75764 6.90162 1 

1 9.52052 10.4806 
9.52052 1 0.845493 
10.4806 0.845493 1 

1 0.825065 9.52052 
0.825065 1 8.62397 
9.52052 8.62397 1 

1 11.2289 12.2499 
11.2289 1 0.845506 
12.2499 0.845506 1 

1 0.817406 11.2289 
0.817406 1 10.4806 
11.2289 10.4806 1 

1 12.8581 13.9012 
12.8581 1 0.845521 
13.9012 0.845521 1 

1 0.811063 12.8581 
0.811063 1 12.2499 
12.8581 12.2499 1 

1 14.4928 15.5262 
14.4928 1 0.845534 
15.5262 0.845534 1 

1 0.806214 14.4928 
0.806214 1 13.9012 
14.4928 13.9012 1 

1 16.2201 17.2169 
16.2201 1 0.845545 
17.2169 0.845545 1 

1 0.801945 16.2201 
0.801945 1 15.5262 
16.2201 15.5262 1 

1 18.0933 19.026 
18.0933 1 0.845552 
19.026 0.845552 1 

1 0.79784 18.0933 
0.79784 1 17.2169 
18.0933 17.2169 1 

1 20.1128 20.95 
20.1128 1 0.845557 
20.95 0.845557 1 

1 0.793717 20.1128 
0.793717 1 19.026 
20.1128 19.026 1 

1 22.2736 22.9794 
22.2736 1 0.845557 
22.9794 0.845557 1 

1 0.789606 22.2736 
0.789606 1 20.95 
22.2736 20.95 1 

1 25.1011 26.4444 
25.1011 1 0.845381 
26.4444 0.845381 1 

1 24.5664 25.1011 
24.5664 1 0.845553 
25.1011 0.845553 1 

1 0.785552 24.5664 
0.785552 1 22.9794 
24.5664 22.9794 1 

1 27.3097 28.4888 
27.3097 1 0.843796 
28.4888 0.843796 1 

1 0.781598 27.3097 
0.781598 1 26.4444 
27.3097 26.4444 1 

1 29.6139 30.595 
29.6139 1 0.842122 
30.595 0.842122 1 

1 0.777772 29.6139 
0.777772 1 28.4888 
29.6139 28.4888 1 

1 32.0189 32.7666 
32.0189 1 0.840453 
32.7666 0.840453 1 

1 0.774072 32.0189 
0.774072 1 30.595 
32.0189 30.595 1 

1 35.0087 36.554 
35.0087 1 0.837245 
36.554 0.837245 1 

1 34.5313 35.0087 
34.5313 1 0.838822 
35.0087 0.838822 1 

1 0.770494 34.5313 
0.770494 1 32.7666 
34.5313 32.7666 1 

1 37.3289 38.6134 
37.3289 1 0.83573 
38.6134 0.83573 1 

1 0.76703 37.3289 
0.76703 1 36.554 
37.3289 36.554 1 

1 39.7368 40.7253 
39.7368 1 0.834285 
40.7253 0.834285 1 

1 0.763672 39.7368 
0.763672 1 38.6134 
39.7368 38.6134 1 

1 42.2389 42.8931 
42.2389 1 0.832916 
42.8931 0.832916 1 

1 0.760408 42.2389 
0.760408 1 40.7253 
42.2389 40.7253 1 

1 45.105 46.7011 
45.105 1 0.830428 
46.7011 0.830428 1 

1 44.8258 45.105 
44.8258 1 0.831628 
45.105 0.831628 1 

1 0.757232 44.8258 
0.757232 1 42.8931 
44.8258 42.8931 1 

1 47.3442 48.5652 
47.3442 1 0.829322 
48.5652 0.829322 1 

1 0.75417 47.3442 
0.75417 1 46.7011 
47.3442 46.7011 1 

1 49.5969 50.4039 
49.5969 1 0.828314 
50.4039 0.828314 1 

1 0.751258 49.5969 
0.751258 1 48.5652 
49.5969 48.5652 1 

1 51.869 52.224 
51.869 1 0.82741 
52.224 0.82741 1 

1 0.748523 51.869 
0.748523 1 50.4039 
51.869 50.4039 1 

1 54.0401 55.4223 
54.0401 1 0.825925 
55.4223 0.825925 1 

1 54.1751 54.0401 
54.1751 1 0.826612 
54.0401 0.826612 1 

1 0.745955 54.1751 
0.745955 1 52.224 
54.1751 52.224 1 

1 55.8687 56.7552 
55.8687 1 0.825354 
56.7552 0.825354 1 

1 0.743529 55.8687 
0.743529 1 55.4223 
55.8687 55.4223 1 

1 57.7123 58.0684 
57.7123 1 0.824903 
58.0684 0.824903 1 

1 0.74122 57.7123 
0.74122 1 56.7552 
57.7123 56.7552 1 

1 59.3538 60.765 
59.3538 1 0.824385 
60.765 0.824385 1 

1 59.5629 59.3538 
59.5629 1 0.824578 
59.3538 0.824578 1 

1 0.739022 59.5629 
0.739022 1 58.0684 
59.5629 58.0684 1 

1 60.6036 61.4318 
60.6036 1 0.824326 
61.4318 0.824326 1 

1 0.736954 60.6036 
0.736954 1 60.765 
60.6036 60.765 1 

1 61.8136 62.0322 
61.8136 1 0.824408 
62.0322 0.824408 1 

1 0.735032 61.8136 
0.735032 1 61.4318 
61.8136 61.4318 1 

1 62.5702 63.8138 
62.5702 1 0.825001 
63.8138 0.825001 1 

1 62.9862 62.5702 
62.9862 1 0.824632 
62.5702 0.824632 1 

1 0.733269 62.9862 
0.733269 1 62.0322 
62.9862 62.0322 1 

1 63.0513 63.6379 
63.0513 1 0.825516 
63.6379 0.825516 1 

1 0.731667 63.0513 
0.731667 1 63.8138 
63.0513 63.8138 1 

1 63.4821 63.398 
63.4821 1 0.826175 
63.398 0.826175 1 

1 0.730228 63.4821 
0.730228 1 63.6379 
63.4821 63.6379 1 

1 63.1046 63.9659 
63.1046 1 0.827929 
63.9659 0.827929 1 

1 63.8706 63.1046 
63.8706 1 0.826981 
63.1046 0.826981 1 

1 0.728954 63.8706 
0.728954 1 63.398 
63.8706 63.398 1 

1 62.7691 62.9271 
62.7691 1 0.829019 
62.9271 0.829019 1 

1 0.727846 62.7691 
0.727846 1 63.9659 
62.7691 63.9659 1 

1 62.4035 61.8609 
62.4035 1 0.830249 
61.8609 0.830249 1 

1 0.726904 62.4035 
0.726904 1 62.9271 
62.4035 62.9271 1 

1 60.7819 61.0748 
60.7819 1 0.833109 
61.0748 0.833109 1 

1 62.02 60.7819 
62.02 1 0.831615 
60.7819 0.831615 1 

1 0.726128 62.02 
0.726128 1 61.8609 
62.02 61.8609 1 

1 59.7042 59.2891 
59.7042 1 0.834725 
59.2891 0.834725 1 

1 0.725519 59.7042 
0.725519 1 61.0748 
59.7042 61.0748 1 

1 57.5384 57.854 
57.5384 1 0.838276 
57.854 0.838276 1 

1 58.6424 57.5384 
58.6424 1 0.836452 
57.5384 0.836452 1 

1 0.725081 58.6424 
0.725081 1 59.2891 
58.6424 59.2891 1 

1 55.838 55.4538 
55.838 1 0.840181 
55.4538 0.840181 1 

1 0.724813 55.838 
0.724813 1 57.854 
55.838 57.854 1 

1 54.2028 53.1513 
54.2028 1 0.842138 
53.1513 0.842138 1 

1 0.72472 54.2028 
0.72472 1 55.4538 
54.2028 55.4538 1 

1 50.9598 50.5252 
50.9598 1 0.845538 
50.5252 0.845538 1 

1 52.6464 50.9598 
52.6464 1 0.844095 
50.9598 0.844095 1 

1 0.724798 52.6464 
0.724798 1 53.1513 
52.6464 53.1513 1 

1 48.8873 47.8231 
48.8873 1 0.845539 
47.8231 0.845539 1 

1 0.725051 48.8873 
0.725051 1 50.5252 
48.8873 50.5252 1 

1 45.2763 44.7734 
45.2763 1 0.845537 
44.7734 0.845537 1 

1 46.9278 45.2763 
46.9278 1 0.845538 
45.2763 0.845538 1 

1 0.725479 46.9278 
0.725479 1 47.8231 
46.9278 47.8231 1 

1 42.8787 41.8132 
42.8787 1 0.845534 
41.8132 0.845534 1 

1 0.726074 42.8787 
0.726074 1 44.7734 
42.8787 44.7734 1 

1 39.0464 38.5175 
39.0464 1 0.845526 
38.5175 0.845526 1 

1 40.6234 39.0464 
40.6234 1 0.84553 
39.0464 0.84553 1 

1 0.726842 40.6234 
0.726842 1 41.8132 
40.6234 41.8132 1 

1 36.4636 35.4515 
36.4636 1 0.845523 
35.4515 0.845523 1 

1 0.727774 36.4636 
0.727774 1 38.5175 
36.4636 38.5175 1 

1 32.6147 32.1125 
32.6147 1 0.845519 
32.1125 0.845519 1 

1 34.0543 32.6147 
34.0543 1 0.84552 
32.6147 0.84552 1 

1 0.728874 34.0543 
0.728874 1 35.4515 
34.0543 35.4515 1 

1 29.9927 29.0883 
29.9927 1 0.845517 
29.0883 0.845517 1 

1 0.730144 29.9927 
0.730144 1 32.1125 
29.9927 32.1125 1 

1 27.5711 26.3215 
27.5711 1 0.845518 
26.3215 0.845518 1 

1 0.731578 27.5711 
0.731578 1 29.0883 
27.5711 29.0883 1 

1 23.7935 23.0378 
23.7935 1 0.845521 
23.0378 0.845521 1 

1 25.336 23.7935 
25.336 1 0.845517 
23.7935 0.845517 1 

1 0.733183 25.336 
0.733183 1 26.3215 
25.336 26.3215 1 

1 21.4861 20.4616 
21.4861 1 0.845522 
20.4616 0.845522 1 

1 0.734952 21.4861 
0.734952 1 23.0378 
21.4861 23.0378 1 

1 18.1399 17.558 
18.1399 1 0.845526 
17.558 0.845526 1 

1 19.3827 18.1399 
19.3827 1 0.845527 
18.1399 0.845527 1 

1 0.736884 19.3827 
0.736884 1 20.4616 
19.3827 20.4616 1 

1 16.0529 15.2696 
16.0529 1 0.845528 
15.2696 0.845528 1 

1 0.738978 16.0529 
0.738978 1 17.558 
16.0529 17.558 1 

1 14.1813 13.2427 
14.1813 1 0.845529 
13.2427 0.845529 1 

1 0.741223 14.1813 
0.741223 1 15.2696 
14.1813 15.2696 1 

1 11.453 10.9045 
11.453 1 0.845531 
10.9045 0.845531 1 

1 12.5068 11.453 
12.5068 1 0.84553 
11.453 0.84553 1 

1 0.743606 12.5068 
0.743606 1 13.2427 
12.5068 13.2427 1 

1 9.87753 9.22206 
9.87753 1 0.845532 
9.22206 0.845532 1 

1 0.746124 9.87753 
0.746124 1 10.9045 
9.87753 10.9045 1 

1 7.7662 7.42575 
7.7662 1 0.845541 
7.42575 0.845541 1 

1 8.49458 7.7662 
8.49458 1 0.845536 
7.7662 0.845536 1 

1 0.748763 8.49458 
0.748763 1 9.22206 
8.49458 9.22206 1 

1 6.51178 6.10242 
6.51178 1 0.845543 
6.10242 0.845543 1 

1 0.751509 6.51178 
0.751509 1 7.42575 
6.51178 7.42575 1 

1 5.43685 4.98964 
5.43685 1 0.845545 
4.98964 0.845545 1 

1 0.754361 5.43685 
0.754361 1 6.10242 
5.43685 6.10242 1 

1 4.51781 4.057 
4.51781 1 0.845542 
4.057 0.845542 1 

1 0.757322 4.51781 
0.757322 1 4.98964 
4.51781 4.98964 1 

1 3.27535 3.04322 
3.27535 1 0.845545 
3.04322 0.845545 1 

1 3.73346 3.27535 
3.73346 1 0.845543 
3.27535 0.845543 1 

1 0.760446 3.73346 
0.760446 1 4.057 
3.73346 4.057 1 

1 2.36625 0.00909981 
2.36625 1 0.0046148 
0.00909981 0.0046148 1 

1 2.61594 2.36625 
2.61594 1 0.845544 
2.36625 0.845544 1 

1 0.763788 2.61594 
0.763788 1 3.04322 
2.61594 3.04322 1 

1 6.44104e-05 1.67941e-05 
6.44104e-05 1 0.845543 
1.67941e-05 0.845543 1 

1 0.767304 6.44104e-05 
0.767304 1 0.00909981 
6.44104e-05 0.00909981 1 

1 0.00442932 0.0252015 
0.00442932 1 0.845543 
0.0252015 0.845543 1 

1 0.770833 0.00442932 
0.770833 1 1.67941e-05 
0.00442932 1.67941e-05 1 

1 0.774396 0.0990231 
0.774396 1 0.0252015 
0.0990231 0.0252015 1 

1 0.778021 0.202471 
0.778021 1 0.0990231 
0.202471 0.0990231 1 

1 0.262509 0.238484 
0.262509 1 0.86315 
0.238484 0.86315 1 

1 0.781724 0.262509 
0.781724 1 0.202471 
0.262509 0.202471 1 

1 0.279988 0.27331 
0.279988 1 0.86315 
0.27331 0.86315 1 

1 0.785524 0.279988 
0.785524 1 0.238484 
0.279988 0.238484 1 

1 0.292828 0.30398 
0.292828 1 0.845543 
0.30398 0.845543 1 

1 0.789437 0.292828 
0.789437 1 0.27331 
0.292828 0.27331 1 

1 0.305876 0.333766 
0.305876 1 0.845543 
0.333766 0.845543 1 

1 0.793431 0.305876 
0.793431 1 0.30398 
0.305876 0.30398 1 

1 0.317341 0.362519 
0.317341 1 0.845543 
0.362519 0.845543 1 

1 0.797481 0.317341 
0.797481 1 0.333766 
0.317341 0.333766 1 

1 0.390315 0.356058 
0.390315 1 0.845543 
0.356058 0.845543 1 

1 0.327669 0.390315 
0.327669 1 0.845543 
0.390315 0.845543 1 

1 0.801567 0.327669 
0.801567 1 0.362519 
0.327669 0.362519 1 

1 0.417296 0.395372 
0.417296 1 0.845543 
0.395372 0.845543 1 

1 0.805693 0.417296 
0.805693 1 0.356058 
0.417296 0.356058 1 

1 0.443693 0.434834 
0.443693 1 0.845543 
0.434834 0.845543 1 

1 0.809849 0.443693 
0.809849 1 0.395372 
0.443693 0.395372 1 

1 0.469793 0.474342 
0.469793 1 0.845543 
0.474342 0.845543 1 

1 0.814022 0.469793 
0.814022 1 0.434834 
0.469793 0.434834 1 

1 0.495919 0.513841 
0.495919 1 0.845543 
0.513841 0.845543 1 

1 0.8182 0.495919 
0.8182 1 0.474342 
0.495919 0.474342 1 

1 0.522412 0.553308 
0.522412 1 0.845543 
0.553308 0.845543 1 

1 0.822366 0.522412 
0.822366 1 0.513841 
0.522412 0.513841 1 

1 0.549631 0.59275 
0.549631 1 0.845543 
0.59275 0.845543 1 

1 0.826507 0.549631 
0.826507 1 0.553308 
0.549631 0.553308 1 

1 0.577956 0.632197 
0.577956 1 0.845543 
0.632197 0.845543 1 

1 0.830604 0.577956 
0.830604 1 0.59275 
0.577956 0.59275 1 

1 0.607719 0.671635 
0.607719 1 0.845543 
0.671635 0.845543 1 

1 0.834634 0.607719 
0.834634 1 0.632197 
0.607719 0.632197 1 

1 0.639167 0.710942 
0.639167 1 0.845543 
0.710942 0.845543 1 

1 0.838572 0.639167 
0.838572 1 0.671635 
0.639167 0.671635 1 

1 0.672324 0.749777 
0.672324 1 0.845543 
0.749777 0.845543 1 

1 0.84234 0.672324 
0.84234 1 0.710942 
0.672324 0.710942 1 

1 0.706796 0.787641 
0.706796 1 0.845543 
0.787641 0.845543 1 

1 0.845544 0.706796 
0.845544 1 0.749777 
0.706796 0.749777 1 

1 0.740481 0.824632 
0.740481 1 0.845543 
0.824632 0.845543 1 

1 0.845536 0.740481 
0.845536 1 0.787641 
0.740481 0.787641 1 

1 0.772741 0.860043 
0.772741 1 0.845543 
0.860043 0.845543 1 

1 0.845527 0.772741 
0.845527 1 0.824632 
0.772741 0.824632 1 

1 0.803184 0.893388 
0.803184 1 0.845543 
0.893388 0.845543 1 

1 0.845527 0.803184 
0.845527 1 0.860043 
0.803184 0.860043 1 

1 0.831407 0.924106 
0.831407 1 0.845543 
0.924106 0.845543 1 

1 0.845538 0.831407 
0.845538 1 0.893388 
0.831407 0.893388 1 

1 0.856675 0.951191 
0.856675 1 0.845543 
0.951191 0.845543 1 

1 0.845553 0.856675 
0.845553 1 0.924106 
0.856675 0.924106 1 

1 0.877758 0.972575 
0.877758 1 0.882072 
0.972575 0.882072 1 

1 0.845558 0.877758 
0.845558 1 0.951191 
0.877758 0.951191 1 

1 0.985155 0.934376 
0.985155 1 0.932488 
0.934376 0.932488 1 

1 0.854838 0.985155 
0.854838 1 0.882072 
0.985155 0.882072 1 

1 0.845547 0.854838 
0.845547 1 0.972575 
0.854838 0.972575 1 

1 0.991183 0.971378 
0.991183 1 0.9675 
0.971378 0.9675 1 

1 0.929973 0.991183 
0.929973 1 0.934376 
0.991183 0.934376 1 

1 0.99463 0.986643 
0.99463 1 0.984279 
0.986643 0.984279 1 

1 0.968628 0.99463 
0.968628 1 0.971378 
0.99463 0.971378 1 

1 0.996648 0.993199 
0.996648 1 0.992298 
0.993199 0.992298 1 

1 0.985683 0.996648 
0.985683 1 0.986643 
0.996648 0.986643 1 

1 0.997827 0.996184 
0.997827 1 0.996157 
0.996184 0.996157 1 

1 0.993292 0.997827 
0.993292 1 0.993199 
0.997827 0.993199 1 

1 0.998454 0.997857 
0.998454 1 0.998036 
0.997857 0.998036 1 

1 0.996387 0.998454 
0.996387 1 0.996184 
0.998454 0.996184 1 

1 0.998882 0.998563 
0.998882 1 0.998964 
0.998563 0.998964 1 

1 0.998373 0.998882 
0.998373 1 0.997857 
0.998882 0.997857 1 

1 0.999158 0.998859 
0.999158 1 0.999424 
0.998859 0.999424 1 

1 0.99927 0.999158 
0.99927 1 0.998563 
0.999158 0.998563 1 

1 0.999674 0.999304 
0.999674 1 0.998859 
0.999304 0.998859 1 

1 0.999108 0.999383 
0.999108 1 0.999487 
0.999383 0.999487 1 

1 0.999674 0.999108 
0.999674 1 0.999304 
0.999108 0.999304 1 

1 0.999691 0.999835 
0.999691 1 0.999383 
0.999835 0.999383 1 

1 0.999835 0.999691 
0.999835 1 0.999674 
0.999691 0.999674 1 

1 334388 0.955034 
334388 1 345848 
0.955034 345848 1 

1 0.551663 0.845542 
0.551663 1 0.845543 
0.845542 0.845543 1 

1 0.105676 0.282399 
0.105676 1 0.845541 
0.282399 0.845541 1 

1 0.282399 0.845532 
0.282399 1 0.551663 
0.845532 0.551663 1 

1 0.0233686 0.845541 
0.0233686 1 0.105676 
0.845541 0.105676 1 

1 7.06862e-05 0.00144846 
7.06862e-05 1 0.955034 
0.00144846 0.955034 1 

1 0.00144846 0.845542 
0.00144846 1 0.0233686 
0.845542 0.0233686 1 

1 0.105635 0.282349 
0.105635 1 0.845536 
0.282349 0.845536 1 

1 0.282349 0.551621 
0.282349 1 0.845531 
0.551621 0.845531 1 

1 0.551621 0.845532 
0.551621 1 0.84553 
0.845532 0.84553 1 

1 0.00144628 0.0233506 
0.00144628 1 0.845535 
0.0233506 0.845535 1 

1 0.0233506 0.845535 
0.0233506 1 0.105635 
0.845535 0.105635 1 

1 0.00317685 5.12613e-08 
0.00317685 1 0.845536 
5.12613e-08 0.845536 1 

1 5.12613e-08 0.84553 
5.12613e-08 1 0.00144628 
0.84553 0.00144628 1 

1 0.259403 0.0490695 
0.259403 1 0.845539 
0.0490695 0.845539 1 

1 0.0490695 0.845532 
0.0490695 1 0.00317685 
0.845532 0.00317685 1 

1 59.3218 0.869077 
59.3218 1 7.06862e-05 
0.869077 7.06862e-05 1 

1 0.869077 0.845536 
0.869077 1 0.259403 
0.845536 0.259403 1 

1 76149 89.4889 
76149 1 334388 
89.4889 334388 1 

1 89.4889 0.845537 
89.4889 1 59.3218 
0.845537 59.3218 1 

1 62705.3 69172.9 
62705.3 1 0.845539 
69172.9 0.845539 1 

1 69172.9 0.845535 
69172.9 1 76149 
0.845535 76149 1 

1 56724.1 0.845536 
56724.1 1 62705.3 
0.845536 62705.3 1 

1 51203 0.845537 
51203 1 56724.1 
0.845537 56724.1 1 

1 41434.9 46115.6 
41434.9 1 0.84554 
46115.6 0.84554 1 

1 46115.6 0.845539 
46115.6 1 51203 
0.845539 51203 1 

1 37135.1 0.845536 
37135.1 1 41434.9 
0.845536 41434.9 1 

1 33196.8 0.845537 
33196.8 1 37135.1 
0.845537 37135.1 1 

1 26312.2 29597.5 
26312.2 1 0.845542 
29597.5 0.845542 1 

1 29597.5 0.845538 
29597.5 1 33196.8 
0.845538 33196.8 1 

1 23322.3 0.845537 
23322.3 1 26312.2 
0.845537 26312.2 1 

1 18152.1 20609.5 
18152.1 1 0.845544 
20609.5 0.845544 1 

1 20609.5 0.84554 
20609.5 1 23322.3 
0.84554 23322.3 1 

1 15932.5 0.84554 
15932.5 1 18152.1 
0.84554 18152.1 1 

1 12141 13935.2 
12141 1 0.845543 
13935.2 0.845543 1 

1 13935.2 0.845541 
13935.2 1 15932.5 
0.845541 15932.5 1 

1 10535.2 0.845537 
10535.2 1 12141 
0.845537 12141 1 

1 9104.06 0.845537 
9104.06 1 10535.2 
0.845537 10535.2 1 

1 7833.07 0.845539 
7833.07 1 9104.06 
0.845539 9104.06 1 

1 6708.45 0.845552 
6708.45 1 7833.07 
0.845552 7833.07 1 

1 5717.21 0.845557 
5717.21 1 6708.45 
0.845557 6708.45 1 

1 4847.15 0.845529 
4847.15 1 5717.21 
0.845529 5717.21 1 

1 4086.86 0.845488 
4086.86 1 4847.15 
0.845488 4847.15 1 

1 3425.46 0.845531 
3425.46 1 4086.86 
0.845531 4086.86 1 

1 2852.9 0.84568 
2852.9 1 3425.46 
0.84568 3425.46 1 

1 2362.06 0.845657 
2362.06 1 2852.9 
0.845657 2852.9 1 

1 1947.99 0.844872 
1947.99 1 2362.06 
0.844872 2362.06 1 

1 1610.83 0.845055 
1610.83 1 1947.99 
0.845055 1947.99 1 

1 1353.74 0.845838 
1353.74 1 1610.83 
0.845838 1610.83 1 

1 3.81352 7.21537 
3.81352 1 0.845543 
7.21537 0.845543 1 

1 12.7601 1167.53 
12.7601 1 26.8099 
1167.53 26.8099 1 

1 7.21537 12.7601 
7.21537 1 0.845543 
12.7601 0.845543 1 

1 1167.53 0.844787 
1167.53 1 1353.74 
0.844787 1353.74 1 

1 0.377424 1.00926 
0.377424 1 0.845543 
1.00926 0.845543 1 

1 1.00926 2.30807 
1.00926 1 0.845543 
2.30807 0.845543 1 

1 2.30807 0.916825 
2.30807 1 3.81352 
0.916825 3.81352 1 

1 0.00585695 0.0476209 
0.00585695 1 0.845543 
0.0476209 0.845543 1 

1 0.0476209 0.204769 
0.0476209 1 0.845543 
0.204769 0.845543 1 

1 0.204769 0.949844 
0.204769 1 0.377424 
0.949844 0.377424 1 

1 2.09036e-09 0.00108286 
2.09036e-09 1 0.845543 
0.00108286 0.845543 1 

1 0.00108286 0.952366 
0.00108286 1 0.00585695 
0.952366 0.00585695 1 

1 0.0170559 0.00267759 
0.0170559 1 0.845543 
0.00267759 0.845543 1 

1 0.00267759 2.34809e-05 
0.00267759 1 0.845543 
2.34809e-05 0.845543 1 

1 2.34809e-05 0.954856 
2.34809e-05 1 2.09036e-09 
0.954856 2.09036e-09 1 

1 0.0788631 0.0326432 
0.0788631 1 0.882072 
0.0326432 0.882072 1 

1 0.0326432 0.955056 
0.0326432 1 0.0170559 
0.955056 0.0170559 1 

1 0.259267 0.196385 
0.259267 1 0.932488 
0.196385 0.932488 1 

1 0.196385 0.110208 
0.196385 1 0.882072 
0.110208 0.882072 1 

1 0.847285 0.710463 
0.847285 1 0.954856 
0.710463 0.954856 1 

1 0.110208 0.955059 
0.110208 1 0.0788631 
0.955059 0.0788631 1 

1 0.955059 0.847285 
0.955059 1 0.955056 
0.847285 0.955056 1 

1 0.405702 0.375968 
0.405702 1 0.984279 
0.375968 0.984279 1 

1 0.375968 0.323167 
0.375968 1 0.9675 
0.323167 0.9675 1 

1 0.323167 0.952749 
0.323167 1 0.259267 
0.952749 0.259267 1 

1 0.952749 0.566201 
0.952749 1 0.710463 
0.566201 0.710463 1 

1 0.537946 0.533462 
0.537946 1 0.999487 
0.533462 0.999487 1 

1 0.533462 0.528364 
0.533462 1 0.999424 
0.528364 0.999424 1 

1 0.528364 0.520972 
0.528364 1 0.998964 
0.520972 0.998964 1 

1 0.520972 0.509788 
0.520972 1 0.998036 
0.509788 0.998036 1 

1 0.509788 0.49231 
0.509788 1 0.996157 
0.49231 0.996157 1 

1 0.49231 0.464294 
0.49231 1 0.992298 
0.464294 0.992298 1 

1 0.464294 0.949807 
0.464294 1 0.405702 
0.949807 0.405702 1 

1 0.949807 0.430209 
0.949807 1 0.566201 
0.430209 0.566201 1 

1 0.552724 0.555878 
0.552724 1 0.999835 
0.555878 0.999835 1 

1 0.555878 0.558932 
0.555878 1 0.999835 
0.558932 0.999835 1 

1 0.268755 0.192812 
0.268755 1 0.952366 
0.192812 0.952366 1 

1 0.558932 0.896699 
0.558932 1 0.537946 
0.896699 0.537946 1 

1 0.896699 0.268755 
0.896699 1 0.430209 
0.268755 0.430209 1 

1 0.0674902 0.0382245 
0.0674902 1 0.916825 
0.0382245 0.916825 1 

1 0.0986388 0.0674902 
0.0986388 1 0.949844 
0.0674902 0.949844 1 

1 0.409803 0.862182 
0.409803 1 0.552724 
0.862182 0.552724 1 

1 0.862182 0.0986388 
0.862182 1 0.192812 
0.0986388 0.192812 1 

1 0.0163698 0.00642012 
0.0163698 1 0.844787 
0.00642012 0.844787 1 

1 0.209039 0.84572 
0.209039 1 0.409803 
0.84572 0.409803 1 

1 0.84572 0.0163698 
0.84572 1 0.0382245 
0.0163698 0.0382245 1 

1 0.0008973 0.000277151 
0.0008973 1 0.845055 
0.000277151 0.845055 1 

1 0.00223758 0.0008973 
0.00223758 1 0.845838 
0.0008973 0.845838 1 

1 0.0713981 0.845596 
0.0713981 1 0.209039 
0.845596 0.209039 1 

1 0.845596 0.00223758 
0.845596 1 0.00642012 
0.00223758 0.00642012 1 

1 0.000151744 5.64274e-05 
0.000151744 1 0.844872 
5.64274e-05 0.844872 1 

1 0.0124878 0.845562 
0.0124878 1 0.0713981 
0.845562 0.0713981 1 

1 0.845562 0.000151744 
0.845562 1 0.000277151 
0.000151744 0.000277151 1 

1 4.39181e-05 1.98653e-05 
4.39181e-05 1 0.845657 
1.98653e-05 0.845657 1 

1 0.000324854 0.845549 
0.000324854 1 0.0124878 
0.845549 0.0124878 1 

1 0.845549 4.39181e-05 
0.845549 1 5.64274e-05 
4.39181e-05 5.64274e-05 1 

1 2.59745e-05 1.18022e-05 
2.59745e-05 1 0.84568 
1.18022e-05 0.84568 1 

1 4.0584e-05 0.845545 
4.0584e-05 1 0.000324854 
0.845545 0.000324854 1 

1 0.845545 2.59745e-05 
0.845545 1 1.98653e-05 
2.59745e-05 1.98653e-05 1 

1 0.845543 2.60585e-05 
0.845543 1 1.18022e-05 
2.60585e-05 1.18022e-05 1 

1 1.24713e-05 3.50928e-05 
1.24713e-05 1 0.845531 
3.50928e-05 0.845531 1 

1 0.84554 1.24713e-05 
0.84554 1 2.60585e-05 
1.24713e-05 2.60585e-05 1 

1 2.56945e-05 5.84434e-05 
2.56945e-05 1 0.845488 
5.84434e-05 0.845488 1 

1 0.845541 2.56945e-05 
0.845541 1 3.50928e-05 
2.56945e-05 3.50928e-05 1 

1 5.76321e-05 0.000109755 
5.76321e-05 1 0.845529 
0.000109755 0.845529 1 

1 0.845539 5.76321e-05 
0.845539 1 5.84434e-05 
5.76321e-05 5.84434e-05 1 

1 0.000130167 0.000213817 
0.000130167 1 0.845557 
0.000213817 0.845557 1 

1 0.845531 0.000130167 
0.845531 1 0.000109755 
0.000130167 0.000109755 1 

1 0.000282506 0.000412201 
0.000282506 1 0.845552 
0.000412201 0.845552 1 

1 0.845513 0.000282506 
0.845513 1 0.000213817 
0.000282506 0.000213817 1 

1 0.000577859 0.000769024 
0.000577859 1 0.845539 
0.000769024 0.845539 1 

1 0.845513 0.000577859 
0.845513 1 0.000412201 
0.000577859 0.000412201 1 

1 0.00111135 0.00137765 
0.00111135 1 0.845537 
0.00137765 0.845537 1 

1 0.845524 0.00111135 
0.845524 1 0.000769024 
0.00111135 0.000769024 1 

1 0.00201947 0.00236789 
0.00201947 1 0.845537 
0.00236789 0.845537 1 

1 0.845527 0.00201947 
0.845527 1 0.00137765 
0.00201947 0.00137765 1 

1 0.00348571 0.00390715 
0.00348571 1 0.845541 
0.00390715 0.845541 1 

1 0.845532 0.00348571 
0.845532 1 0.00236789 
0.00348571 0.00236789 1 

1 0.00574195 0.00620111 
0.00574195 1 0.84554 
0.00620111 0.84554 1 

1 0.845528 0.00574195 
0.845528 1 0.00390715 
0.00574195 0.00390715 1 

1 0.00906724 0.00949004 
0.00906724 1 0.84554 
0.00949004 0.84554 1 

1 0.845525 0.00906724 
0.845525 1 0.00620111 
0.00906724 0.00620111 1 

1 0.0137841 0.0140431 
0.0137841 1 0.845537 
0.0140431 0.845537 1 

1 0.845524 0.0137841 
0.845524 1 0.00949004 
0.0137841 0.00949004 1 

1 0.0202761 0.0201737 
0.0202761 1 0.845538 
0.0201737 0.845538 1 

1 0.845528 0.0202761 
0.845528 1 0.0140431 
0.0202761 0.0140431 1 

1 0.845532 0.0289859 
0.845532 1 0.0201737 
0.0289859 0.0201737 1 

1 0.0291455 0.0403909 
0.0291455 1 0.845537 
0.0403909 0.845537 1 

1 0.845533 0.0291455 
0.845533 1 0.0289859 
0.0291455 0.0289859 1 

1 0.0411753 0.0549101 
0.0411753 1 0.845536 
0.0549101 0.845536 1 

1 0.845529 0.0411753 
0.845529 1 0.0403909 
0.0411753 0.0403909 1 

1 0.0564898 0.0728761 
0.0564898 1 0.845539 
0.0728761 0.845539 1 

1 0.845532 0.0564898 
0.845532 1 0.0549101 
0.0564898 0.0549101 1 

1 0.0753617 0.0944772 
0.0753617 1 0.845537 
0.0944772 0.845537 1 

1 0.845542 0.0753617 
0.845542 1 0.0728761 
0.0753617 0.0728761 1 

1 0.0977981 0.119625 
0.0977981 1 0.845536 
0.119625 0.845536 1 

1 0.845541 0.0977981 
0.845541 1 0.0944772 
0.0977981 0.0944772 1 

1 0.123533 0.147945 
0.123533 1 0.845535 
0.147945 0.845535 1 

1 0.845537 0.123533 
0.845537 1 0.119625 
0.123533 0.119625 1 

1 0.152204 0.178946 
0.152204 1 0.845537 
0.178946 0.845537 1 

1 0.84554 0.152204 
0.84554 1 0.147945 
0.152204 0.147945 1 

1 0.183742 0.212442 
0.183742 1 0.845536 
0.212442 0.845536 1 

1 0.845543 0.183742 
0.845543 1 0.178946 
0.183742 0.178946 1 

1 0.218134 0.24834 
0.218134 1 0.845532 
0.24834 0.845532 1 

1 0.845543 0.218134 
0.845543 1 0.212442 
0.218134 0.212442 1 

1 0.255293 0.286396 
0.255293 1 0.84553 
0.286396 0.84553 1 

1 0.84554 0.255293 
0.84554 1 0.24834 
0.255293 0.24834 1 

1 0.294849 0.32603 
0.294849 1 0.845535 
0.32603 0.845535 1 

1 0.845538 0.294849 
0.845538 1 0.286396 
0.294849 0.286396 1 

1 0.336231 0.366569 
0.336231 1 0.845532 
0.366569 0.845532 1 

1 0.845539 0.336231 
0.845539 1 0.32603 
0.336231 0.32603 1 

1 0.378773 0.407487 
0.378773 1 0.84553 
0.407487 0.84553 1 

1 0.845539 0.378773 
0.845539 1 0.366569 
0.378773 0.366569 1 

1 0.421948 0.448391 
0.421948 1 0.845531 
0.448391 0.845531 1 

1 0.845538 0.421948 
0.845538 1 0.407487 
0.421948 0.407487 1 

1 0.465381 0.489014 
0.465381 1 0.845536 
0.489014 0.845536 1 

1 0.845538 0.465381 
0.845538 1 0.448391 
0.465381 0.448391 1 

1 0.508881 0.529453 
0.508881 1 0.845535 
0.529453 0.845535 1 

1 0.845538 0.508881 
0.845538 1 0.489014 
0.508881 0.489014 1 

1 0.552578 0.569931 
0.552578 1 0.845536 
0.569931 0.845536 1 

1 0.845538 0.552578 
0.845538 1 0.529453 
0.552578 0.529453 1 

1 0.596566 0.610538 
0.596566 1 0.845539 
0.610538 0.845539 1 

1 0.845538 0.596566 
0.845538 1 0.569931 
0.596566 0.569931 1 

1 0.640756 0.651159 
0.640756 1 0.845542 
0.651159 0.845542 1 

1 0.845541 0.640756 
0.845541 1 0.610538 
0.640756 0.610538 1 

1 0.684606 0.69094 
0.684606 1 0.845541 
0.69094 0.845541 1 

1 0.845543 0.684606 
0.845543 1 0.651159 
0.684606 0.651159 1 

1 0.726398 0.727909 
0.726398 1 0.845532 
0.727909 0.845532 1 

1 0.845541 0.726398 
0.845541 1 0.69094 
0.726398 0.69094 1 

1 0.764331 0.75964 
0.764331 1 0.845542 
0.75964 0.845542 1 

1 0.845543 0.764331 
0.845543 1 0.727909 
0.764331 0.727909 1 

1 0.796605 0.784779 
0.796605 1 0.845543 
0.784779 0.845543 1 

1 0.845544 0.796605 
0.845544 1 0.75964 
0.796605 0.75964 1 

1 0.893601 0.834538 
0.893601 1 0.784779 
0.834538 0.784779 1 

1 0.780201 0.84722 
0.780201 1 0.845541 
0.84722 0.845541 1 

1 0.948705 0.780201 
0.948705 1 0.834538 
0.780201 0.834538 1 

1 0.853196 0.860565 
0.853196 1 0.955034 
0.860565 0.955034 1 

1 0.948705 0.853196 
0.948705 1 0.84722 
0.853196 0.84722 1 

1 0.986111 0.870588 
0.986111 1 0.860565 
0.870588 0.860565 1 

1 0.986111 0.986111 
0.986111 1 0.948705 
0.986111 0.948705 1 

1 0.935813 0.96376 
0.935813 1 0.955034 
0.96376 0.955034 1 

1 0.941527 0.935813 
0.941527 1 0.870588 
0.935813 0.870588 1 

1 0.96376 0.941527 
0.96376 1 0.986111 
0.941527 0.986111 1 

1 1.73901e+12 1.70116e+09 
1.73901e+12 1 1.81192e+12 
1.70116e+09 1.81192e+12 1 

1 1.9561e+12 1.45427e+09 
1.9561e+12 1 1.73901e+12 
1.45427e+09 1.73901e+12 1 

1 2.223e+12 2.2217e+12 
2.223e+12 1 0.845532 
2.2217e+12 0.845532 1 

1 2.2217e+12 2.22047e+12 
2.2217e+12 1 0.845542 
2.22047e+12 0.845542 1 

1 2.22047e+12 2.21929e+12 
2.22047e+12 1 0.845541 
2.21929e+12 0.845541 1 

1 2.21929e+12 2.21815e+12 
2.21929e+12 1 0.845537 
2.21815e+12 0.845537 1 

1 2.21815e+12 2.21703e+12 
2.21815e+12 1 0.84554 
2.21703e+12 0.84554 1 

1 2.21703e+12 2.21593e+12 
2.21703e+12 1 0.845543 
2.21593e+12 0.845543 1 

1 2.21593e+12 2.21489e+12 
2.21593e+12 1 0.845543 
2.21489e+12 0.845543 1 

1 2.21489e+12 2.21389e+12 
2.21489e+12 1 0.84554 
2.21389e+12 0.84554 1 

1 2.21389e+12 2.21296e+12 
2.21389e+12 1 0.845538 
2.21296e+12 0.845538 1 

1 2.21296e+12 2.21208e+12 
2.21296e+12 1 0.845539 
2.21208e+12 0.845539 1 

1 2.21208e+12 2.21126e+12 
2.21208e+12 1 0.845539 
2.21126e+12 0.845539 1 

1 2.21126e+12 2.21051e+12 
2.21126e+12 1 0.845538 
2.21051e+12 0.845538 1 

1 2.21051e+12 2.20982e+12 
2.21051e+12 1 0.845538 
2.20982e+12 0.845538 1 

1 2.20982e+12 2.2092e+12 
2.20982e+12 1 0.845538 
2.2092e+12 0.845538 1 

1 2.2092e+12 2.20866e+12 
2.2092e+12 1 0.845538 
2.20866e+12 0.845538 1 

1 2.20866e+12 2.2082e+12 
2.20866e+12 1 0.845538 
2.2082e+12 0.845538 1 

1 2.2082e+12 2.20782e+12 
2.2082e+12 1 0.845541 
2.20782e+12 0.845541 1 

1 2.20782e+12 2.2075e+12 
2.20782e+12 1 0.845543 
2.2075e+12 0.845543 1 

1 2.2075e+12 2.20723e+12 
2.2075e+12 1 0.845541 
2.20723e+12 0.845541 1 

1 2.20723e+12 2.20697e+12 
2.20723e+12 1 0.845543 
2.20697e+12 0.845543 1 

1 2.20697e+12 2.20671e+12 
2.20697e+12 1 0.845544 
2.20671e+12 0.845544 1 

1 2.20671e+12 2.20651e+12 
2.20671e+12 1 0.893601 
2.20651e+12 0.893601 1 

1 2.20651e+12 2.20638e+12 
2.20651e+12 1 0.948705 
2.20638e+12 0.948705 1 

1 2.20625e+12 2.20612e+12 
2.20625e+12 1 0.948705 
2.20612e+12 0.948705 1 

1 2.20638e+12 2.20625e+12 
2.20638e+12 1 0.948705 
2.20625e+12 0.948705 1 

1 2.20612e+12 1.62523e+09 
2.20612e+12 1 1.9561e+12 
1.62523e+09 1.9561e+12 1 

1 2.42081e+12 2.41936e+12 
2.42081e+12 1 0.845541 
2.41936e+12 0.845541 1 

1 2.41936e+12 2.41811e+12 
2.41936e+12 1 0.845539 
2.41811e+12 0.845539 1 

1 2.41811e+12 2.41704e+12 
2.41811e+12 1 0.845531 
2.41704e+12 0.845531 1 

1 2.41704e+12 2.41614e+12 
2.41704e+12 1 0.845513 
2.41614e+12 0.845513 1 

1 2.41614e+12 2.41538e+12 
2.41614e+12 1 0.845513 
2.41538e+12 0.845513 1 

1 2.41538e+12 2.41477e+12 
2.41538e+12 1 0.845524 
2.41477e+12 0.845524 1 

1 2.41477e+12 2.41429e+12 
2.41477e+12 1 0.845527 
2.41429e+12 0.845527 1 

1 2.41429e+12 2.41393e+12 
2.41429e+12 1 0.845532 
2.41393e+12 0.845532 1 

1 2.41393e+12 2.41369e+12 
2.41393e+12 1 0.845528 
2.41369e+12 0.845528 1 

1 2.41369e+12 2.41356e+12 
2.41369e+12 1 0.845525 
2.41356e+12 0.845525 1 

1 2.41356e+12 2.41355e+12 
2.41356e+12 1 0.845524 
2.41355e+12 0.845524 1 

1 2.41355e+12 2.41364e+12 
2.41355e+12 1 0.845528 
2.41364e+12 0.845528 1 

1 2.41364e+12 2.41384e+12 
2.41364e+12 1 0.845532 
2.41384e+12 0.845532 1 

1 2.41384e+12 2.41415e+12 
2.41384e+12 1 0.845533 
2.41415e+12 0.845533 1 

1 2.41415e+12 2.41456e+12 
2.41415e+12 1 0.845529 
2.41456e+12 0.845529 1 

1 2.41456e+12 2.07906e+09 
2.41456e+12 1 2.223e+12 
2.07906e+09 2.223e+12 1 

1 2.64925e+12 2.64767e+12 
2.64925e+12 1 0.845558 
2.64767e+12 0.845558 1 

1 2.64767e+12 2.64617e+12 
2.64767e+12 1 0.845547 
2.64617e+12 0.845547 1 

1 2.64617e+12 2.64523e+12 
2.64617e+12 1 0.929973 
2.64523e+12 0.929973 1 

1 2.64523e+12 2.64464e+12 
2.64523e+12 1 0.968628 
2.64464e+12 0.968628 1 

1 2.64464e+12 2.64424e+12 
2.64464e+12 1 0.985683 
2.64424e+12 0.985683 1 

1 2.64424e+12 2.64398e+12 
2.64424e+12 1 0.993292 
2.64398e+12 0.993292 1 

1 2.64398e+12 2.64379e+12 
2.64398e+12 1 0.996387 
2.64379e+12 0.996387 1 

1 2.64379e+12 2.64366e+12 
2.64379e+12 1 0.998373 
2.64366e+12 0.998373 1 

1 2.64366e+12 2.64357e+12 
2.64366e+12 1 0.99927 
2.64357e+12 0.99927 1 

1 2.64357e+12 2.64352e+12 
2.64357e+12 1 0.999674 
2.64352e+12 0.999674 1 

1 2.64346e+12 2.6434e+12 
2.64346e+12 1 0.999674 
2.6434e+12 0.999674 1 

1 2.64352e+12 2.64346e+12 
2.64352e+12 1 0.999674 
2.64346e+12 0.999674 1 

1 2.6434e+12 2.64128e+12 
2.6434e+12 1 4.0584e-05 
2.64128e+12 4.0584e-05 1 

1 2.64128e+12 2.64125e+12 
2.64128e+12 1 0.845543 
2.64125e+12 0.845543 1 

1 2.64125e+12 2.64149e+12 
2.64125e+12 1 0.84554 
2.64149e+12 0.84554 1 

1 2.64149e+12 2.38538e+09 
2.64149e+12 1 2.42081e+12 
2.38538e+09 2.42081e+12 1 

1 2.95153e+12 2.94949e+12 
2.95153e+12 1 0.726904 
2.94949e+12 0.726904 1 

1 2.94949e+12 2.94749e+12 
2.94949e+12 1 0.726128 
2.94749e+12 0.726128 1 

1 2.94749e+12 2.94554e+12 
2.94749e+12 1 0.725519 
2.94554e+12 0.725519 1 

1 2.94554e+12 2.94364e+12 
2.94554e+12 1 0.725081 
2.94364e+12 0.725081 1 

1 2.94364e+12 2.94178e+12 
2.94364e+12 1 0.724813 
2.94178e+12 0.724813 1 

1 2.94178e+12 2.93996e+12 
2.94178e+12 1 0.72472 
2.93996e+12 0.72472 1 

1 2.93996e+12 2.9382e+12 
2.93996e+12 1 0.724798 
2.9382e+12 0.724798 1 

1 2.9382e+12 2.93648e+12 
2.9382e+12 1 0.725051 
2.93648e+12 0.725051 1 

1 2.93648e+12 2.93481e+12 
2.93648e+12 1 0.725479 
2.93481e+12 0.725479 1 

1 2.93481e+12 2.93319e+12 
2.93481e+12 1 0.726074 
2.93319e+12 0.726074 1 

1 2.93319e+12 2.93161e+12 
2.93319e+12 1 0.726842 
2.93161e+12 0.726842 1 

1 2.93161e+12 2.93009e+12 
2.93161e+12 1 0.727774 
2.93009e+12 0.727774 1 

1 2.93009e+12 2.92862e+12 
2.93009e+12 1 0.728874 
2.92862e+12 0.728874 1 

1 2.92862e+12 2.9272e+12 
2.92862e+12 1 0.730144 
2.9272e+12 0.730144 1 

1 2.9272e+12 2.92583e+12 
2.9272e+12 1 0.731578 
2.92583e+12 0.731578 1 

1 2.92583e+12 2.92452e+12 
2.92583e+12 1 0.733183 
2.92452e+12 0.733183 1 

1 2.92452e+12 2.92325e+12 
2.92452e+12 1 0.734952 
2.92325e+12 0.734952 1 

1 2.92325e+12 2.92204e+12 
2.92325e+12 1 0.736884 
2.92204e+12 0.736884 1 

1 2.92204e+12 2.92089e+12 
2.92204e+12 1 0.738978 
2.92089e+12 0.738978 1 

1 2.92089e+12 2.91978e+12 
2.92089e+12 1 0.741223 
2.91978e+12 0.741223 1 

1 2.91978e+12 2.91872e+12 
2.91978e+12 1 0.743606 
2.91872e+12 0.743606 1 

1 2.91872e+12 2.91771e+12 
2.91872e+12 1 0.746124 
2.91771e+12 0.746124 1 

1 2.91771e+12 2.91674e+12 
2.91771e+12 1 0.748763 
2.91674e+12 0.748763 1 

1 2.91674e+12 2.91583e+12 
2.91674e+12 1 0.751509 
2.91583e+12 0.751509 1 

1 2.91583e+12 2.91495e+12 
2.91583e+12 1 0.754361 
2.91495e+12 0.754361 1 

1 2.91495e+12 2.91414e+12 
2.91495e+12 1 0.757322 
2.91414e+12 0.757322 1 

1 2.91414e+12 2.9134e+12 
2.91414e+12 1 0.760446 
2.9134e+12 0.760446 1 

1 2.9134e+12 2.91272e+12 
2.9134e+12 1 0.763788 
2.91272e+12 0.763788 1 

1 2.91272e+12 2.91208e+12 
2.91272e+12 1 0.767304 
2.91208e+12 0.767304 1 

1 2.91208e+12 2.91147e+12 
2.91208e+12 1 0.770833 
2.91147e+12 0.770833 1 

1 2.91147e+12 2.9109e+12 
2.91147e+12 1 0.774396 
2.9109e+12 0.774396 1 

1 2.9109e+12 2.91038e+12 
2.9109e+12 1 0.778021 
2.91038e+12 0.778021 1 

1 2.91038e+12 2.90991e+12 
2.91038e+12 1 0.781724 
2.90991e+12 0.781724 1 

1 2.90991e+12 2.9095e+12 
2.90991e+12 1 0.785524 
2.9095e+12 0.785524 1 

1 2.9095e+12 2.90914e+12 
2.9095e+12 1 0.789437 
2.90914e+12 0.789437 1 

1 2.90914e+12 2.90882e+12 
2.90914e+12 1 0.793431 
2.90882e+12 0.793431 1 

1 2.90882e+12 2.90855e+12 
2.90882e+12 1 0.797481 
2.90855e+12 0.797481 1 

1 2.90855e+12 2.90833e+12 
2.90855e+12 1 0.801567 
2.90833e+12 0.801567 1 

1 2.90833e+12 2.90814e+12 
2.90833e+12 1 0.805693 
2.90814e+12 0.805693 1 

1 2.90814e+12 2.908e+12 
2.90814e+12 1 0.809849 
2.908e+12 0.809849 1 

1 2.908e+12 2.90791e+12 
2.908e+12 1 0.814022 
2.90791e+12 0.814022 1 

1 2.90791e+12 2.90785e+12 
2.90791e+12 1 0.8182 
2.90785e+12 0.8182 1 

1 2.90785e+12 2.90783e+12 
2.90785e+12 1 0.822366 
2.90783e+12 0.822366 1 

1 2.90783e+12 2.90785e+12 
2.90783e+12 1 0.826507 
2.90785e+12 0.826507 1 

1 2.90785e+12 2.90791e+12 
2.90785e+12 1 0.830604 
2.90791e+12 0.830604 1 

1 2.90791e+12 2.90801e+12 
2.90791e+12 1 0.834634 
2.90801e+12 0.834634 1 

1 2.90801e+12 2.90815e+12 
2.90801e+12 1 0.838572 
2.90815e+12 0.838572 1 

1 2.90815e+12 2.90832e+12 
2.90815e+12 1 0.84234 
2.90832e+12 0.84234 1 

1 2.90832e+12 2.90853e+12 
2.90832e+12 1 0.845544 
2.90853e+12 0.845544 1 

1 2.90853e+12 2.90876e+12 
2.90853e+12 1 0.845536 
2.90876e+12 0.845536 1 

1 2.90876e+12 2.90903e+12 
2.90876e+12 1 0.845527 
2.90903e+12 0.845527 1 

1 2.90903e+12 2.90932e+12 
2.90903e+12 1 0.845527 
2.90932e+12 0.845527 1 

1 2.90932e+12 2.90968e+12 
2.90932e+12 1 0.845538 
2.90968e+12 0.845538 1 

1 2.90968e+12 2.9101e+12 
2.90968e+12 1 0.845553 
2.9101e+12 0.845553 1 

1 2.9101e+12 2.49775e+09 
2.9101e+12 1 2.64925e+12 
2.49775e+09 2.64925e+12 1 

1 3.08354e+12 3.08219e+12 
3.08354e+12 1 0.825065 
3.08219e+12 0.825065 1 

1 3.08219e+12 3.08132e+12 
3.08219e+12 1 0.817406 
3.08132e+12 0.817406 1 

1 3.08132e+12 3.08083e+12 
3.08132e+12 1 0.811063 
3.08083e+12 0.811063 1 

1 3.08083e+12 3.08056e+12 
3.08083e+12 1 0.806214 
3.08056e+12 0.806214 1 

1 3.08056e+12 3.08036e+12 
3.08056e+12 1 0.801945 
3.08036e+12 0.801945 1 

1 3.08036e+12 3.08019e+12 
3.08036e+12 1 0.79784 
3.08019e+12 0.79784 1 

1 3.08019e+12 3.08005e+12 
3.08019e+12 1 0.793717 
3.08005e+12 0.793717 1 

1 3.08005e+12 3.07995e+12 
3.08005e+12 1 0.789606 
3.07995e+12 0.789606 1 

1 3.07995e+12 3.0799e+12 
3.07995e+12 1 0.785552 
3.0799e+12 0.785552 1 

1 3.0799e+12 3.07991e+12 
3.0799e+12 1 0.781598 
3.07991e+12 0.781598 1 

1 3.07991e+12 3.07998e+12 
3.07991e+12 1 0.777772 
3.07998e+12 0.777772 1 

1 3.07998e+12 3.0801e+12 
3.07998e+12 1 0.774072 
3.0801e+12 0.774072 1 

1 3.0801e+12 3.08027e+12 
3.0801e+12 1 0.770494 
3.08027e+12 0.770494 1 

1 3.08027e+12 3.08048e+12 
3.08027e+12 1 0.76703 
3.08048e+12 0.76703 1 

1 3.08048e+12 3.08075e+12 
3.08048e+12 1 0.763672 
3.08075e+12 0.763672 1 

1 3.08075e+12 3.08105e+12 
3.08075e+12 1 0.760408 
3.08105e+12 0.760408 1 

1 3.08105e+12 3.0814e+12 
3.08105e+12 1 0.757232 
3.0814e+12 0.757232 1 

1 3.0814e+12 3.08181e+12 
3.0814e+12 1 0.75417 
3.08181e+12 0.75417 1 

1 3.08181e+12 3.08227e+12 
3.08181e+12 1 0.751258 
3.08227e+12 0.751258 1 

1 3.08227e+12 3.0828e+12 
3.08227e+12 1 0.748523 
3.0828e+12 0.748523 1 

1 3.0828e+12 3.08337e+12 
3.0828e+12 1 0.745955 
3.08337e+12 0.745955 1 

1 3.08337e+12 3.08399e+12 
3.08337e+12 1 0.743529 
3.08399e+12 0.743529 1 

1 3.08399e+12 3.08465e+12 
3.08399e+12 1 0.74122 
3.08465e+12 0.74122 1 

1 3.08465e+12 3.08536e+12 
3.08465e+12 1 0.739022 
3.08536e+12 0.739022 1 

1 3.08536e+12 3.08612e+12 
3.08536e+12 1 0.736954 
3.08612e+12 0.736954 1 

1 3.08612e+12 3.08693e+12 
3.08612e+12 1 0.735032 
3.08693e+12 0.735032 1 

1 3.08693e+12 3.08779e+12 
3.08693e+12 1 0.733269 
3.08779e+12 0.733269 1 

1 3.08779e+12 3.08871e+12 
3.08779e+12 1 0.731667 
3.08871e+12 0.731667 1 

1 3.08871e+12 3.08967e+12 
3.08871e+12 1 0.730228 
3.08967e+12 0.730228 1 

1 3.08967e+12 3.09069e+12 
3.08967e+12 1 0.728954 
3.09069e+12 0.728954 1 

1 3.09069e+12 3.09176e+12 
3.09069e+12 1 0.727846 
3.09176e+12 0.727846 1 

1 3.09176e+12 2.46775e+09 
3.09176e+12 1 2.95153e+12 
2.46775e+09 2.95153e+12 1 

1 3.13181e+12 3.12981e+12 
3.13181e+12 1 16.3799 
3.12981e+12 16.3799 1 

1 3.12981e+12 3.12981e+12 
3.12981e+12 1 0.845538 
3.12981e+12 0.845538 1 

1 3.12981e+12 3.13002e+12 
3.12981e+12 1 0.845532 
3.13002e+12 0.845532 1 

1 3.13002e+12 3.13043e+12 
3.13002e+12 1 0.84554 
3.13043e+12 0.84554 1 

1 3.13043e+12 3.13103e+12 
3.13043e+12 1 0.84094 
3.13103e+12 0.84094 1 

1 3.13103e+12 3.13183e+12 
3.13103e+12 1 0.833077 
3.13183e+12 0.833077 1 

1 3.13183e+12 2.51177e+09 
3.13183e+12 1 3.08354e+12 
2.51177e+09 3.08354e+12 1 

1 3.14726e+12 3.14618e+12 
3.14726e+12 1 0.845538 
3.14618e+12 0.845538 1 

1 3.14618e+12 3.14515e+12 
3.14618e+12 1 0.84554 
3.14515e+12 0.84554 1 

1 3.14515e+12 3.14427e+12 
3.14515e+12 1 0.870964 
3.14427e+12 0.870964 1 

1 3.14427e+12 3.14376e+12 
3.14427e+12 1 0.946375 
3.14376e+12 0.946375 1 

1 3.14376e+12 3.14343e+12 
3.14376e+12 1 0.975826 
3.14343e+12 0.975826 1 

1 3.14343e+12 3.14322e+12 
3.14343e+12 1 0.988849 
3.14322e+12 0.988849 1 

1 3.14322e+12 3.14307e+12 
3.14322e+12 1 0.994697 
3.14307e+12 0.994697 1 

1 3.14307e+12 3.14296e+12 
3.14307e+12 1 0.997083 
3.14296e+12 0.997083 1 

1 3.14296e+12 3.14289e+12 
3.14296e+12 1 0.998688 
3.14289e+12 0.998688 1 

1 3.14289e+12 3.14284e+12 
3.14289e+12 1 0.999413 
3.14284e+12 0.999413 1 

1 3.14284e+12 3.14279e+12 
3.14284e+12 1 0.999413 
3.14279e+12 0.999413 1 

1 3.14277e+12 3.14275e+12 
3.14277e+12 1 0.999852 
3.14275e+12 0.999852 1 

1 3.14279e+12 3.14277e+12 
3.14279e+12 1 0.999852 
3.14277e+12 0.999852 1 

1 3.14275e+12 2.52394e+09 
3.14275e+12 1 3.13181e+12 
2.52394e+09 3.13181e+12 1 

1 3.1343e+12 3.13342e+12 
3.1343e+12 1 0.845509 
3.13342e+12 0.845509 1 

1 3.13342e+12 3.13292e+12 
3.13342e+12 1 0.845498 
3.13292e+12 0.845498 1 

1 3.13292e+12 3.13272e+12 
3.13292e+12 1 0.845519 
3.13272e+12 0.845519 1 

1 3.13272e+12 3.13276e+12 
3.13272e+12 1 0.84546 
3.13276e+12 0.84546 1 

1 3.13276e+12 3.13301e+12 
3.13276e+12 1 0.845393 
3.13301e+12 0.845393 1 

1 3.13301e+12 3.13342e+12 
3.13301e+12 1 0.845393 
3.13342e+12 0.845393 1 

1 3.13342e+12 3.13396e+12 
3.13342e+12 1 0.845462 
3.13396e+12 0.845462 1 

1 3.13396e+12 3.13461e+12 
3.13396e+12 1 0.84551 
3.13461e+12 0.84551 1 

1 3.13461e+12 3.13538e+12 
3.13461e+12 1 0.845533 
3.13538e+12 0.845533 1 

1 3.13538e+12 3.13623e+12 
3.13538e+12 1 0.845541 
3.13623e+12 0.845541 1 

1 3.13623e+12 3.13717e+12 
3.13623e+12 1 0.845542 
3.13717e+12 0.845542 1 

1 3.13717e+12 3.13819e+12 
3.13717e+12 1 0.845541 
3.13819e+12 0.845541 1 

1 3.13819e+12 3.13928e+12 
3.13819e+12 1 0.845539 
3.13928e+12 0.845539 1 

1 3.13928e+12 3.14043e+12 
3.13928e+12 1 0.845538 
3.14043e+12 0.845538 1 

1 3.14043e+12 2.5164e+09 
3.14043e+12 1 3.14726e+12 
2.5164e+09 3.14726e+12 1 

1 3.10021e+12 3.09995e+12 
3.10021e+12 1 0.986169 
3.09995e+12 0.986169 1 

1 3.09995e+12 3.09977e+12 
3.09995e+12 1 0.981816 
3.09977e+12 0.981816 1 

1 3.09977e+12 3.09969e+12 
3.09977e+12 1 0.964734 
3.09969e+12 0.964734 1 

1 3.09969e+12 3.09988e+12 
3.09969e+12 1 0.927299 
3.09988e+12 0.927299 1 

1 3.09988e+12 3.10076e+12 
3.09988e+12 1 0.846018 
3.10076e+12 0.846018 1 

1 3.10076e+12 2.51217e+09 
3.10076e+12 1 3.1343e+12 
2.51217e+09 3.1343e+12 1 

1 3.05687e+12 3.05675e+12 
3.05687e+12 1 0.987851 
3.05675e+12 0.987851 1 

1 3.05675e+12 3.05676e+12 
3.05675e+12 1 0.987531 
3.05676e+12 0.987531 1 

1 3.05676e+12 3.05689e+12 
3.05676e+12 1 0.987071 
3.05689e+12 0.987071 1 

1 3.05689e+12 3.05713e+12 
3.05689e+12 1 0.986626 
3.05713e+12 0.986626 1 

1 3.05713e+12 2.51258e+09 
3.05713e+12 1 3.10021e+12 
2.51258e+09 3.10021e+12 1 

1 3.02214e+12 3.02208e+12 
3.02214e+12 1 0.987802 
3.02208e+12 0.987802 1 

1 3.02208e+12 3.02221e+12 
3.02208e+12 1 0.987784 
3.02221e+12 0.987784 1 

1 3.02221e+12 3.0225e+12 
3.02221e+12 1 0.987824 
3.0225e+12 0.987824 1 

1 3.0225e+12 2.5156e+09 
3.0225e+12 1 3.05687e+12 
2.5156e+09 3.05687e+12 1 

1 2.98754e+12 2.98731e+12 
2.98754e+12 1 0.987657 
2.98731e+12 0.987657 1 

1 2.98731e+12 2.98734e+12 
2.98731e+12 1 0.98779 
2.98734e+12 0.98779 1 

1 2.98734e+12 2.98762e+12 
2.98734e+12 1 0.987829 
2.98762e+12 0.987829 1 

1 2.98762e+12 2.51163e+09 
2.98762e+12 1 3.02214e+12 
2.51163e+09 3.02214e+12 1 

1 2.96433e+12 2.96409e+12 
2.96433e+12 1 0.987142 
2.96409e+12 0.987142 1 

1 2.96409e+12 2.96415e+12 
2.96409e+12 1 0.987432 
2.96415e+12 0.987432 1 

1 2.96415e+12 2.51652e+09 
2.96415e+12 1 2.98754e+12 
2.51652e+09 2.98754e+12 1 

1 2.94787e+12 2.94758e+12 
2.94787e+12 1 0.986272 
2.94758e+12 0.986272 1 

1 2.94758e+12 2.94761e+12 
2.94758e+12 1 0.986781 
2.94761e+12 0.986781 1 

1 2.94761e+12 2.50923e+09 
2.94761e+12 1 2.96433e+12 
2.50923e+09 2.96433e+12 1 

1 2.94201e+12 2.94198e+12 
2.94201e+12 1 0.979355 
2.94198e+12 0.979355 1 

1 2.94198e+12 2.51616e+09 
2.94198e+12 1 2.94787e+12 
2.51616e+09 2.94787e+12 1 

1 2.94462e+12 2.9449e+12 
2.94462e+12 1 0.949153 
2.9449e+12 0.949153 1 

1 2.9449e+12 2.51855e+09 
2.9449e+12 1 2.94201e+12 
2.51855e+09 2.94201e+12 1 

1 2.95762e+12 2.95695e+12 
2.95762e+12 1 0.845519 
2.95695e+12 0.845519 1 

1 2.95695e+12 2.95774e+12 
2.95695e+12 1 0.894666 
2.95774e+12 0.894666 1 

1 2.95774e+12 2.52399e+09 
2.95774e+12 1 2.94462e+12 
2.52399e+09 2.94462e+12 1 

1 2.8856e+12 2.97906e+12 
2.8856e+12 1 4.17412e+07 
2.97906e+12 4.17412e+07 1 

1 2.97906e+12 2.97942e+12 
2.97906e+12 1 0.845372 
2.97942e+12 0.845372 1 

1 2.97942e+12 2.48237e+09 
2.97942e+12 1 2.95762e+12 
2.48237e+09 2.95762e+12 1 

1 2.53601e+12 2.48051e+09 
2.53601e+12 1 2.8856e+12 
2.48051e+09 2.8856e+12 1 

1 2.26266e+12 2.43935e+09 
2.26266e+12 1 2.53601e+12 
2.43935e+09 2.53601e+12 1 

1 2.0733e+12 2.19802e+09 
2.0733e+12 1 2.26266e+12 
2.19802e+09 2.26266e+12 1 

1 1.91155e+12 1.82253e+09 
1.91155e+12 1 2.0733e+12 
1.82253e+09 2.0733e+12 1 

1 1.75489e+12 1.75524e+12 
1.75489e+12 1 0.96376 
1.75524e+12 0.96376 1 

1 1.75454e+12 1.75489e+12 
1.75454e+12 1 0.96376 
1.75489e+12 0.96376 1 

1 1.75524e+12 4.97013e+08 
1.75524e+12 1 1.91155e+12 
4.97013e+08 1.91155e+12 1 

1 5.82867e+08 1.67135e+12 
5.82867e+08 1 1.81192e+12 
1.67135e+12 1.81192e+12 1 

1 1.67135e+12 5.35897e+08 
1.67135e+12 1 1.75454e+12 
5.35897e+08 1.75454e+12 1 

