 -1 -0.5
 -1 -0.505
 -0.894737 -0.5
 -0.894737 -0.505
 -1 -0.512658
 -0.894737 -0.512658
 -1 -0.524382
 -0.894737 -0.524382
 -1 -0.542322
 -0.894737 -0.542322
 -1 -0.569748
 -0.894737 -0.569748
 -1 -0.611619
 -0.894737 -0.611619
 -1 -0.67541
 -0.894737 -0.67541
 -1 -0.772291
 -0.894737 -0.772291
 -1 -0.918723
 -0.894737 -0.918723
 -1 -1.13845
 -0.894737 -1.13845
 -1 -1.46462
 -0.894737 -1.46462
 -1 -1.94108
 -0.894737 -1.94108
 -1 -2.62103
 -0.894737 -2.62103
 -1 -3.55971
 -0.894737 -3.55971
 -1 -4.79797
 -0.894737 -4.79797
 -1 -6.33694
 -0.894737 -6.33694
 -1 -8.11405
 -0.894737 -8.11405
 -1 -10
 -0.894737 -10
 -0.789474 -0.5
 -0.789474 -0.505
 -0.789474 -0.512658
 -0.789474 -0.524382
 -0.789474 -0.542322
 -0.789474 -0.569748
 -0.789474 -0.611619
 -0.789474 -0.67541
 -0.789474 -0.772291
 -0.789474 -0.918723
 -0.789474 -1.13845
 -0.789474 -1.46462
 -0.789474 -1.94108
 -0.789474 -2.62103
 -0.789474 -3.55971
 -0.789474 -4.79797
 -0.789474 -6.33694
 -0.789474 -8.11405
 -0.789474 -10
 -0.684211 -0.5
 -0.684211 -0.505
 -0.684211 -0.512658
 -0.684211 -0.524382
 -0.684211 -0.542322
 -0.684211 -0.569748
 -0.684211 -0.611619
 -0.684211 -0.67541
 -0.684211 -0.772291
 -0.684211 -0.918723
 -0.684211 -1.13845
 -0.684211 -1.46462
 -0.684211 -1.94108
 -0.684211 -2.62103
 -0.684211 -3.55971
 -0.684211 -4.79797
 -0.684211 -6.33694
 -0.684211 -8.11405
 -0.684211 -10
 -0.578947 -0.5
 -0.578947 -0.505
 -0.578947 -0.512658
 -0.578947 -0.524382
 -0.578947 -0.542322
 -0.578947 -0.569748
 -0.578947 -0.611619
 -0.578947 -0.67541
 -0.578947 -0.772291
 -0.578947 -0.918723
 -0.578947 -1.13845
 -0.578947 -1.46462
 -0.578947 -1.94108
 -0.578947 -2.62103
 -0.578947 -3.55971
 -0.578947 -4.79797
 -0.578947 -6.33694
 -0.578947 -8.11405
 -0.578948 -10
 -0.473684 -0.5
 -0.473684 -0.505
 -0.473684 -0.512658
 -0.473684 -0.524382
 -0.473684 -0.542322
 -0.473684 -0.569748
 -0.473684 -0.611619
 -0.473684 -0.67541
 -0.473684 -0.772291
 -0.473684 -0.918723
 -0.473684 -1.13845
 -0.473684 -1.46462
 -0.473684 -1.94108
 -0.473684 -2.62103
 -0.473684 -3.55971
 -0.473684 -4.79797
 -0.473684 -6.33694
 -0.473684 -8.11405
 -0.473684 -10
 -0.368421 -0.5
 -0.368421 -0.505
 -0.368421 -0.512658
 -0.368421 -0.524382
 -0.368421 -0.542322
 -0.368421 -0.569748
 -0.368421 -0.611619
 -0.368421 -0.67541
 -0.368421 -0.772291
 -0.368421 -0.918723
 -0.368421 -1.13845
 -0.368421 -1.46462
 -0.368421 -1.94108
 -0.368421 -2.62103
 -0.368421 -3.55971
 -0.368421 -4.79797
 -0.368421 -6.33694
 -0.368421 -8.11405
 -0.368421 -10
 -0.263158 -0.5
 -0.263158 -0.505
 -0.263158 -0.512658
 -0.263158 -0.524382
 -0.263158 -0.542322
 -0.263158 -0.569748
 -0.263158 -0.611619
 -0.263158 -0.67541
 -0.263158 -0.772291
 -0.263158 -0.918723
 -0.263158 -1.13845
 -0.263158 -1.46462
 -0.263158 -1.94108
 -0.263158 -2.62103
 -0.263158 -3.55971
 -0.263158 -4.79797
 -0.263158 -6.33694
 -0.263158 -8.11405
 -0.263158 -10
 -0.157895 -0.5
 -0.157895 -0.505
 -0.157895 -0.512658
 -0.157895 -0.524382
 -0.157895 -0.542322
 -0.157895 -0.569748
 -0.157895 -0.611619
 -0.157895 -0.67541
 -0.157895 -0.772291
 -0.157895 -0.918723
 -0.157895 -1.13845
 -0.157895 -1.46462
 -0.157895 -1.94108
 -0.157895 -2.62103
 -0.157895 -3.55971
 -0.157895 -4.79797
 -0.157895 -6.33694
 -0.157895 -8.11405
 -0.157895 -10
 -0.0526316 -0.5
 -0.0526316 -0.505
 -0.0526316 -0.512658
 -0.0526316 -0.524382
 -0.0526316 -0.542322
 -0.0526316 -0.569748
 -0.0526316 -0.611619
 -0.0526316 -0.67541
 -0.0526316 -0.772291
 -0.0526316 -0.918723
 -0.0526316 -1.13845
 -0.0526316 -1.46462
 -0.0526316 -1.94108
 -0.0526316 -2.62103
 -0.0526316 -3.55971
 -0.0526316 -4.79797
 -0.0526317 -6.33694
 -0.0526317 -8.11405
 -0.0526317 -10
 0.0526316 -0.5
 0.0526316 -0.505
 0.0526316 -0.512658
 0.0526316 -0.524382
 0.0526316 -0.542322
 0.0526316 -0.569748
 0.0526316 -0.611619
 0.0526316 -0.67541
 0.0526316 -0.772291
 0.0526316 -0.918723
 0.0526316 -1.13845
 0.0526316 -1.46462
 0.0526316 -1.94108
 0.0526316 -2.62103
 0.0526315 -3.55971
 0.0526315 -4.79797
 0.0526315 -6.33694
 0.0526315 -8.11405
 0.0526315 -10
 0.157895 -0.5
 0.157895 -0.505
 0.157895 -0.512658
 0.157895 -0.524382
 0.157895 -0.542322
 0.157895 -0.569748
 0.157895 -0.611619
 0.157895 -0.67541
 0.157895 -0.772291
 0.157895 -0.918723
 0.157895 -1.13845
 0.157895 -1.46462
 0.157895 -1.94108
 0.157895 -2.62103
 0.157895 -3.55971
 0.157895 -4.79797
 0.157895 -6.33694
 0.157895 -8.11405
 0.157895 -10
 0.263158 -0.5
 0.263158 -0.505
 0.263158 -0.512658
 0.263158 -0.524382
 0.263158 -0.542322
 0.263158 -0.569748
 0.263158 -0.611619
 0.263158 -0.67541
 0.263158 -0.772291
 0.263158 -0.918723
 0.263158 -1.13845
 0.263158 -1.46462
 0.263158 -1.94108
 0.263158 -2.62103
 0.263158 -3.55971
 0.263158 -4.79797
 0.263158 -6.33694
 0.263158 -8.11405
 0.263158 -10
 0.368421 -0.5
 0.368421 -0.505
 0.368421 -0.512658
 0.368421 -0.524382
 0.368421 -0.542322
 0.368421 -0.569748
 0.368421 -0.611619
 0.368421 -0.67541
 0.368421 -0.772291
 0.368421 -0.918723
 0.368421 -1.13845
 0.368421 -1.46462
 0.368421 -1.94108
 0.368421 -2.62103
 0.368421 -3.55971
 0.368421 -4.79797
 0.368421 -6.33694
 0.368421 -8.11405
 0.368421 -10
 0.473684 -0.5
 0.473684 -0.505
 0.473684 -0.512658
 0.473684 -0.524382
 0.473684 -0.542322
 0.473684 -0.569748
 0.473684 -0.611619
 0.473684 -0.67541
 0.473684 -0.772291
 0.473684 -0.918723
 0.473684 -1.13845
 0.473684 -1.46462
 0.473684 -1.94108
 0.473684 -2.62103
 0.473684 -3.55971
 0.473684 -4.79797
 0.473684 -6.33694
 0.473684 -8.11405
 0.473684 -10
 0.578947 -0.5
 0.578947 -0.505
 0.578947 -0.512658
 0.578947 -0.524382
 0.578947 -0.542322
 0.578947 -0.569748
 0.578947 -0.611619
 0.578947 -0.67541
 0.578947 -0.772291
 0.578947 -0.918723
 0.578947 -1.13845
 0.578947 -1.46462
 0.578947 -1.94108
 0.578947 -2.62103
 0.578947 -3.55971
 0.578947 -4.79797
 0.578947 -6.33694
 0.578947 -8.11405
 0.578947 -10
 0.684211 -0.5
 0.684211 -0.505
 0.684211 -0.512658
 0.684211 -0.524382
 0.684211 -0.542322
 0.684211 -0.569748
 0.684211 -0.611619
 0.684211 -0.67541
 0.684211 -0.772291
 0.684211 -0.918723
 0.684211 -1.13845
 0.684211 -1.46462
 0.684211 -1.94108
 0.684211 -2.62103
 0.684211 -3.55971
 0.684211 -4.79797
 0.684211 -6.33694
 0.684211 -8.11405
 0.684211 -10
 0.789474 -0.5
 0.789474 -0.505
 0.789474 -0.512658
 0.789474 -0.524382
 0.789474 -0.542322
 0.789474 -0.569748
 0.789474 -0.611619
 0.789474 -0.67541
 0.789474 -0.772291
 0.789474 -0.918723
 0.789474 -1.13845
 0.789474 -1.46462
 0.789474 -1.94108
 0.789474 -2.62103
 0.789474 -3.55971
 0.789474 -4.79797
 0.789474 -6.33694
 0.789474 -8.11405
 0.789474 -10
 0.894737 -0.5
 0.894737 -0.505
 0.894737 -0.512658
 0.894737 -0.524382
 0.894737 -0.542322
 0.894737 -0.569748
 0.894737 -0.611619
 0.894737 -0.67541
 0.894737 -0.772291
 0.894737 -0.918723
 0.894737 -1.13845
 0.894737 -1.46462
 0.894737 -1.94108
 0.894737 -2.62103
 0.894737 -3.55971
 0.894737 -4.79797
 0.894737 -6.33694
 0.894737 -8.11405
 0.894737 -10
 1 -0.5
 1 -0.505
 1 -0.512658
 1 -0.524382
 1 -0.542322
 1 -0.569748
 1 -0.611619
 1 -0.67541
 1 -0.772291
 1 -0.918723
 1 -1.13845
 1 -1.46462
 1 -1.94108
 1 -2.62103
 1 -3.55971
 1 -4.79797
 1 -6.33694
 1 -8.11405
 1 -10
 -1.005 -0.5
 -1.005 -0.505
 -1.005 -0.512658
 -1.005 -0.524382
 -1.005 -0.542322
 -1.005 -0.569748
 -1.005 -0.611619
 -1.005 -0.67541
 -1.005 -0.772291
 -1.005 -0.918723
 -1.005 -1.13845
 -1.005 -1.46462
 -1.005 -1.94108
 -1.005 -2.62103
 -1.005 -3.55971
 -1.005 -4.79797
 -1.005 -6.33694
 -1.005 -8.11405
 -1.005 -10
 -1.01291 -0.5
 -1.01291 -0.505
 -1.01291 -0.512658
 -1.01291 -0.524382
 -1.01291 -0.542322
 -1.01291 -0.569748
 -1.01291 -0.611619
 -1.01291 -0.67541
 -1.01291 -0.772291
 -1.01291 -0.918723
 -1.01291 -1.13845
 -1.01291 -1.46462
 -1.01291 -1.94108
 -1.01291 -2.62103
 -1.01291 -3.55971
 -1.01291 -4.79797
 -1.01291 -6.33694
 -1.01291 -8.11405
 -1.01291 -10
 -1.02542 -0.5
 -1.02542 -0.505
 -1.02542 -0.512658
 -1.02542 -0.524382
 -1.02542 -0.542322
 -1.02542 -0.569748
 -1.02542 -0.611619
 -1.02542 -0.67541
 -1.02542 -0.772291
 -1.02542 -0.918723
 -1.02542 -1.13845
 -1.02542 -1.46462
 -1.02542 -1.94108
 -1.02542 -2.62103
 -1.02542 -3.55971
 -1.02542 -4.79797
 -1.02542 -6.33694
 -1.02542 -8.11405
 -1.02542 -10
 -1.04519 -0.5
 -1.04519 -0.505
 -1.04519 -0.512658
 -1.04519 -0.524382
 -1.04519 -0.542322
 -1.04519 -0.569748
 -1.04519 -0.611619
 -1.04519 -0.67541
 -1.04519 -0.772291
 -1.04519 -0.918723
 -1.04519 -1.13845
 -1.04519 -1.46462
 -1.04519 -1.94108
 -1.04519 -2.62103
 -1.04519 -3.55971
 -1.04519 -4.79797
 -1.04519 -6.33694
 -1.04519 -8.11405
 -1.04519 -10
 -1.0764 -0.5
 -1.0764 -0.505
 -1.0764 -0.512658
 -1.0764 -0.524382
 -1.0764 -0.542322
 -1.0764 -0.569748
 -1.0764 -0.611619
 -1.0764 -0.67541
 -1.0764 -0.772291
 -1.0764 -0.918723
 -1.0764 -1.13845
 -1.0764 -1.46462
 -1.0764 -1.94108
 -1.0764 -2.62103
 -1.0764 -3.55971
 -1.0764 -4.79797
 -1.0764 -6.33694
 -1.0764 -8.11405
 -1.0764 -10
 -1.12556 -0.5
 -1.12556 -0.505
 -1.12556 -0.512658
 -1.12556 -0.524382
 -1.12556 -0.542322
 -1.12556 -0.569748
 -1.12556 -0.611619
 -1.12556 -0.67541
 -1.12556 -0.772291
 -1.12556 -0.918723
 -1.12556 -1.13845
 -1.12556 -1.46462
 -1.12556 -1.94108
 -1.12556 -2.62103
 -1.12556 -3.55971
 -1.12556 -4.79797
 -1.12556 -6.33694
 -1.12556 -8.11405
 -1.12556 -10
 -1.20278 -0.5
 -1.20278 -0.505
 -1.20278 -0.512658
 -1.20278 -0.524382
 -1.20278 -0.542322
 -1.20278 -0.569748
 -1.20278 -0.611619
 -1.20278 -0.67541
 -1.20278 -0.772291
 -1.20278 -0.918723
 -1.20278 -1.13845
 -1.20278 -1.46462
 -1.20278 -1.94108
 -1.20278 -2.62103
 -1.20278 -3.55971
 -1.20278 -4.79797
 -1.20278 -6.33694
 -1.20278 -8.11405
 -1.20278 -10
 -1.32351 -0.5
 -1.32351 -0.505
 -1.32351 -0.512658
 -1.32351 -0.524382
 -1.32351 -0.542322
 -1.32351 -0.569748
 -1.32351 -0.611619
 -1.32351 -0.67541
 -1.32351 -0.772291
 -1.32351 -0.918723
 -1.32351 -1.13845
 -1.32351 -1.46462
 -1.32351 -1.94108
 -1.32351 -2.62103
 -1.32351 -3.55971
 -1.32351 -4.79797
 -1.32351 -6.33694
 -1.32351 -8.11405
 -1.32351 -10
 -1.51086 -0.5
 -1.51086 -0.505
 -1.51086 -0.512658
 -1.51086 -0.524382
 -1.51086 -0.542322
 -1.51086 -0.569748
 -1.51086 -0.611619
 -1.51086 -0.67541
 -1.51086 -0.772291
 -1.51086 -0.918723
 -1.51086 -1.13845
 -1.51086 -1.46462
 -1.51086 -1.94108
 -1.51086 -2.62103
 -1.51086 -3.55971
 -1.51086 -4.79797
 -1.51086 -6.33694
 -1.51086 -8.11405
 -1.51086 -10
 -1.79834 -0.5
 -1.79834 -0.505
 -1.79834 -0.512658
 -1.79834 -0.524382
 -1.79834 -0.542322
 -1.79834 -0.569748
 -1.79834 -0.611619
 -1.79834 -0.67541
 -1.79834 -0.772291
 -1.79834 -0.918723
 -1.79834 -1.13845
 -1.79834 -1.46462
 -1.79834 -1.94108
 -1.79834 -2.62103
 -1.79834 -3.55971
 -1.79834 -4.79797
 -1.79834 -6.33694
 -1.79834 -8.11405
 -1.79834 -10
 -2.23187 -0.5
 -2.23187 -0.505
 -2.23187 -0.512658
 -2.23187 -0.524382
 -2.23187 -0.542322
 -2.23187 -0.569748
 -2.23187 -0.611619
 -2.23187 -0.67541
 -2.23187 -0.772291
 -2.23187 -0.918723
 -2.23187 -1.13845
 -2.23187 -1.46462
 -2.23187 -1.94108
 -2.23187 -2.62103
 -2.23187 -3.55971
 -2.23187 -4.79797
 -2.23187 -6.33694
 -2.23187 -8.11405
 -2.23187 -10
 -2.86884 -0.5
 -2.86884 -0.505
 -2.86884 -0.512658
 -2.86884 -0.524382
 -2.86884 -0.542322
 -2.86884 -0.569748
 -2.86884 -0.611619
 -2.86884 -0.67541
 -2.86884 -0.772291
 -2.86884 -0.918723
 -2.86884 -1.13845
 -2.86884 -1.46462
 -2.86884 -1.94108
 -2.86884 -2.62103
 -2.86884 -3.55971
 -2.86884 -4.79797
 -2.86884 -6.33694
 -2.86884 -8.11405
 -2.86884 -10
 -3.7698 -0.5
 -3.7698 -0.505
 -3.7698 -0.512658
 -3.7698 -0.524382
 -3.7698 -0.542322
 -3.7698 -0.569748
 -3.7698 -0.611619
 -3.7698 -0.67541
 -3.7698 -0.772291
 -3.7698 -0.918723
 -3.7698 -1.13845
 -3.7698 -1.46462
 -3.7698 -1.94108
 -3.7698 -2.62103
 -3.7698 -3.55971
 -3.7698 -4.79797
 -3.7698 -6.33694
 -3.7698 -8.11405
 -3.7698 -10
 -4.97789 -0.5
 -4.97789 -0.505
 -4.97789 -0.512658
 -4.97789 -0.524382
 -4.97789 -0.542322
 -4.97789 -0.569748
 -4.97789 -0.611619
 -4.97789 -0.67541
 -4.97789 -0.772291
 -4.97789 -0.918723
 -4.97789 -1.13845
 -4.97789 -1.46462
 -4.97789 -1.94108
 -4.97789 -2.62103
 -4.97789 -3.55971
 -4.97789 -4.79797
 -4.97789 -6.33694
 -4.97789 -8.11405
 -4.97789 -10
 -6.48684 -0.5
 -6.48684 -0.505
 -6.48684 -0.512658
 -6.48684 -0.524382
 -6.48684 -0.542322
 -6.48684 -0.569748
 -6.48684 -0.611619
 -6.48684 -0.67541
 -6.48684 -0.772291
 -6.48684 -0.918723
 -6.48684 -1.13845
 -6.48684 -1.46462
 -6.48684 -1.94108
 -6.48684 -2.62103
 -6.48684 -3.55971
 -6.48684 -4.79797
 -6.48684 -6.33694
 -6.48684 -8.11405
 -6.48684 -10
 -8.21304 -0.5
 -8.21304 -0.505
 -8.21304 -0.512658
 -8.21304 -0.524382
 -8.21304 -0.542322
 -8.21304 -0.569748
 -8.21304 -0.611619
 -8.21304 -0.67541
 -8.21304 -0.772291
 -8.21304 -0.918723
 -8.21304 -1.13845
 -8.21304 -1.46462
 -8.21304 -1.94108
 -8.21304 -2.62103
 -8.21304 -3.55971
 -8.21304 -4.79797
 -8.21304 -6.33694
 -8.21304 -8.11405
 -8.21304 -10
 -10 -0.5
 -10 -0.505
 -10 -0.512658
 -10 -0.524382
 -10 -0.542322
 -10 -0.569748
 -10 -0.611619
 -10 -0.67541
 -10 -0.772291
 -10 -0.918723
 -10 -1.13845
 -10 -1.46462
 -10 -1.94108
 -10 -2.62103
 -10 -3.55971
 -10 -4.79797
 -10 -6.33694
 -10 -8.11405
 -10 -10
 -1 -0.388889
 -1.005 -0.388889
 -1.01291 -0.388889
 -1.02542 -0.388889
 -1.04519 -0.388889
 -1.0764 -0.388889
 -1.12556 -0.388889
 -1.20278 -0.388889
 -1.32351 -0.388889
 -1.51086 -0.388889
 -1.79834 -0.388889
 -2.23187 -0.388889
 -2.86884 -0.388889
 -3.7698 -0.388889
 -4.97789 -0.388889
 -6.48684 -0.388889
 -8.21304 -0.388889
 -10 -0.388889
 -1 -0.277778
 -1.005 -0.277778
 -1.01291 -0.277778
 -1.02542 -0.277778
 -1.04519 -0.277778
 -1.0764 -0.277778
 -1.12556 -0.277778
 -1.20278 -0.277778
 -1.32351 -0.277778
 -1.51086 -0.277778
 -1.79834 -0.277778
 -2.23187 -0.277778
 -2.86884 -0.277778
 -3.7698 -0.277778
 -4.97789 -0.277778
 -6.48684 -0.277778
 -8.21304 -0.277778
 -10 -0.277778
 -1 -0.166667
 -1.005 -0.166667
 -1.01291 -0.166667
 -1.02542 -0.166667
 -1.04519 -0.166667
 -1.0764 -0.166667
 -1.12556 -0.166667
 -1.20278 -0.166667
 -1.32351 -0.166667
 -1.51086 -0.166667
 -1.79834 -0.166667
 -2.23187 -0.166667
 -2.86884 -0.166667
 -3.7698 -0.166667
 -4.97789 -0.166667
 -6.48684 -0.166667
 -8.21304 -0.166667
 -10 -0.166667
 -1 -0.0555556
 -1.005 -0.0555556
 -1.01291 -0.0555556
 -1.02542 -0.0555556
 -1.04519 -0.0555556
 -1.0764 -0.0555556
 -1.12556 -0.0555556
 -1.20278 -0.0555556
 -1.32351 -0.0555556
 -1.51086 -0.0555556
 -1.79834 -0.0555556
 -2.23187 -0.0555556
 -2.86884 -0.0555556
 -3.7698 -0.0555556
 -4.97789 -0.0555556
 -6.48684 -0.0555556
 -8.21304 -0.0555556
 -10 -0.0555556
 -1 0.0555556
 -1.005 0.0555556
 -1.01291 0.0555556
 -1.02542 0.0555556
 -1.04519 0.0555556
 -1.0764 0.0555556
 -1.12556 0.0555556
 -1.20278 0.0555556
 -1.32351 0.0555556
 -1.51086 0.0555556
 -1.79834 0.0555555
 -2.23187 0.0555555
 -2.86884 0.0555555
 -3.7698 0.0555555
 -4.97789 0.0555555
 -6.48684 0.0555555
 -8.21304 0.0555554
 -10 0.0555554
 -1 0.166667
 -1.005 0.166667
 -1.01291 0.166667
 -1.02542 0.166667
 -1.04519 0.166667
 -1.0764 0.166667
 -1.12556 0.166667
 -1.20278 0.166667
 -1.32351 0.166667
 -1.51086 0.166667
 -1.79834 0.166667
 -2.23187 0.166667
 -2.86884 0.166667
 -3.7698 0.166667
 -4.97789 0.166667
 -6.48684 0.166666
 -8.21304 0.166666
 -10 0.166666
 -1 0.277778
 -1.005 0.277778
 -1.01291 0.277778
 -1.02542 0.277778
 -1.04519 0.277778
 -1.0764 0.277778
 -1.12556 0.277778
 -1.20278 0.277778
 -1.32351 0.277778
 -1.51086 0.277778
 -1.79834 0.277778
 -2.23187 0.277778
 -2.86884 0.277778
 -3.7698 0.277778
 -4.97789 0.277778
 -6.48684 0.277778
 -8.21304 0.277778
 -10 0.277778
 -1 0.388889
 -1.005 0.388889
 -1.01291 0.388889
 -1.02542 0.388889
 -1.04519 0.388889
 -1.0764 0.388889
 -1.12556 0.388889
 -1.20278 0.388889
 -1.32351 0.388889
 -1.51086 0.388889
 -1.79834 0.388889
 -2.23187 0.388889
 -2.86884 0.388889
 -3.7698 0.388889
 -4.97789 0.388889
 -6.48684 0.388889
 -8.21304 0.388889
 -10 0.388889
 -1 0.5
 -1.005 0.5
 -1.01291 0.5
 -1.02542 0.5
 -1.04519 0.5
 -1.0764 0.5
 -1.12556 0.5
 -1.20278 0.5
 -1.32351 0.5
 -1.51086 0.5
 -1.79834 0.5
 -2.23187 0.5
 -2.86884 0.5
 -3.7698 0.5
 -4.97789 0.5
 -6.48684 0.5
 -8.21304 0.5
 -10 0.499999
 -1 0.505
 -1.005 0.505
 -1.01291 0.505
 -1.02542 0.505
 -1.04519 0.505
 -1.0764 0.505
 -1.12556 0.505
 -1.20278 0.505
 -1.32351 0.505
 -1.51086 0.505
 -1.79834 0.505
 -2.23187 0.505
 -2.86884 0.505
 -3.7698 0.505
 -4.97789 0.505
 -6.48684 0.505
 -8.21304 0.505
 -10 0.505
 -1 0.512658
 -1.005 0.512658
 -1.01291 0.512658
 -1.02542 0.512658
 -1.04519 0.512658
 -1.0764 0.512658
 -1.12556 0.512658
 -1.20278 0.512658
 -1.32351 0.512658
 -1.51086 0.512658
 -1.79834 0.512658
 -2.23187 0.512658
 -2.86884 0.512658
 -3.7698 0.512658
 -4.97789 0.512658
 -6.48684 0.512658
 -8.21304 0.512658
 -10 0.512657
 -1 0.524382
 -1.005 0.524382
 -1.01291 0.524382
 -1.02542 0.524382
 -1.04519 0.524382
 -1.0764 0.524382
 -1.12556 0.524382
 -1.20278 0.524382
 -1.32351 0.524382
 -1.51086 0.524382
 -1.79834 0.524382
 -2.23187 0.524382
 -2.86884 0.524382
 -3.7698 0.524382
 -4.97789 0.524382
 -6.48684 0.524382
 -8.21304 0.524382
 -10 0.524382
 -1 0.542322
 -1.005 0.542322
 -1.01291 0.542322
 -1.02542 0.542322
 -1.04519 0.542322
 -1.0764 0.542322
 -1.12556 0.542322
 -1.20278 0.542322
 -1.32351 0.542322
 -1.51086 0.542322
 -1.79834 0.542322
 -2.23187 0.542322
 -2.86884 0.542322
 -3.7698 0.542322
 -4.97789 0.542322
 -6.48684 0.542322
 -8.21304 0.542322
 -10 0.542322
 -1 0.569748
 -1.005 0.569748
 -1.01291 0.569748
 -1.02542 0.569748
 -1.04519 0.569748
 -1.0764 0.569748
 -1.12556 0.569748
 -1.20278 0.569748
 -1.32351 0.569748
 -1.51086 0.569748
 -1.79834 0.569748
 -2.23187 0.569748
 -2.86884 0.569748
 -3.7698 0.569748
 -4.97789 0.569748
 -6.48684 0.569748
 -8.21304 0.569748
 -10 0.569748
 -1 0.611619
 -1.005 0.611619
 -1.01291 0.611619
 -1.02542 0.611619
 -1.04519 0.611619
 -1.0764 0.611619
 -1.12556 0.611619
 -1.20278 0.611619
 -1.32351 0.611619
 -1.51086 0.611619
 -1.79834 0.611619
 -2.23187 0.611619
 -2.86884 0.611619
 -3.7698 0.611619
 -4.97789 0.611619
 -6.48684 0.611618
 -8.21304 0.611618
 -10 0.611618
 -1 0.67541
 -1.005 0.67541
 -1.01291 0.67541
 -1.02542 0.67541
 -1.04519 0.67541
 -1.0764 0.67541
 -1.12556 0.67541
 -1.20278 0.67541
 -1.32351 0.67541
 -1.51086 0.67541
 -1.79834 0.67541
 -2.23187 0.67541
 -2.86884 0.67541
 -3.7698 0.67541
 -4.97789 0.67541
 -6.48684 0.67541
 -8.21304 0.675409
 -10 0.675409
 -1 0.772291
 -1.005 0.772291
 -1.01291 0.772291
 -1.02542 0.772291
 -1.04519 0.772291
 -1.0764 0.772291
 -1.12556 0.772291
 -1.20278 0.772291
 -1.32351 0.772291
 -1.51086 0.772291
 -1.79834 0.772291
 -2.23187 0.772291
 -2.86884 0.772291
 -3.7698 0.772291
 -4.97789 0.772291
 -6.48684 0.772291
 -8.21304 0.772291
 -10 0.77229
 -1 0.918723
 -1.005 0.918723
 -1.01291 0.918723
 -1.02542 0.918723
 -1.04519 0.918723
 -1.0764 0.918723
 -1.12556 0.918723
 -1.20278 0.918723
 -1.32351 0.918723
 -1.51086 0.918723
 -1.79834 0.918723
 -2.23187 0.918723
 -2.86884 0.918723
 -3.7698 0.918723
 -4.97789 0.918723
 -6.48684 0.918723
 -8.21304 0.918723
 -10 0.918723
 -1 1.13845
 -1.005 1.13845
 -1.01291 1.13845
 -1.02542 1.13845
 -1.04519 1.13845
 -1.0764 1.13845
 -1.12556 1.13845
 -1.20278 1.13845
 -1.32351 1.13845
 -1.51086 1.13845
 -1.79834 1.13845
 -2.23187 1.13845
 -2.86884 1.13845
 -3.7698 1.13845
 -4.97789 1.13845
 -6.48684 1.13845
 -8.21304 1.13845
 -10 1.13845
 -1 1.46462
 -1.005 1.46462
 -1.01291 1.46462
 -1.02542 1.46462
 -1.04519 1.46462
 -1.0764 1.46462
 -1.12556 1.46462
 -1.20278 1.46462
 -1.32351 1.46462
 -1.51086 1.46462
 -1.79834 1.46462
 -2.23187 1.46462
 -2.86884 1.46462
 -3.7698 1.46462
 -4.97789 1.46462
 -6.48684 1.46462
 -8.21304 1.46462
 -10 1.46462
 -1 1.94108
 -1.005 1.94108
 -1.01291 1.94108
 -1.02542 1.94108
 -1.04519 1.94108
 -1.0764 1.94108
 -1.12556 1.94108
 -1.20278 1.94108
 -1.32351 1.94108
 -1.51086 1.94108
 -1.79834 1.94108
 -2.23187 1.94108
 -2.86884 1.94108
 -3.7698 1.94108
 -4.97789 1.94108
 -6.48684 1.94108
 -8.21304 1.94108
 -10 1.94108
 -1 2.62103
 -1.005 2.62103
 -1.01291 2.62103
 -1.02542 2.62103
 -1.04519 2.62103
 -1.0764 2.62103
 -1.12556 2.62103
 -1.20278 2.62103
 -1.32351 2.62103
 -1.51086 2.62103
 -1.79834 2.62103
 -2.23187 2.62103
 -2.86884 2.62103
 -3.7698 2.62103
 -4.97789 2.62103
 -6.48684 2.62103
 -8.21304 2.62103
 -10 2.62103
 -1 3.55971
 -1.005 3.55971
 -1.01291 3.55971
 -1.02542 3.55971
 -1.04519 3.55971
 -1.0764 3.55971
 -1.12556 3.55971
 -1.20278 3.55971
 -1.32351 3.55971
 -1.51086 3.55971
 -1.79834 3.55971
 -2.23187 3.55971
 -2.86884 3.55971
 -3.7698 3.55971
 -4.97789 3.55971
 -6.48684 3.55971
 -8.21304 3.55971
 -10 3.55971
 -1 4.79797
 -1.005 4.79797
 -1.01291 4.79797
 -1.02542 4.79797
 -1.04519 4.79797
 -1.0764 4.79797
 -1.12556 4.79797
 -1.20278 4.79797
 -1.32351 4.79797
 -1.51086 4.79797
 -1.79834 4.79797
 -2.23187 4.79797
 -2.86884 4.79797
 -3.7698 4.79797
 -4.97789 4.79797
 -6.48684 4.79797
 -8.21304 4.79797
 -10 4.79797
 -1 6.33694
 -1.005 6.33694
 -1.01291 6.33694
 -1.02542 6.33694
 -1.04519 6.33694
 -1.0764 6.33694
 -1.12556 6.33694
 -1.20278 6.33694
 -1.32351 6.33694
 -1.51086 6.33694
 -1.79834 6.33694
 -2.23187 6.33694
 -2.86884 6.33694
 -3.7698 6.33694
 -4.97789 6.33694
 -6.48684 6.33694
 -8.21304 6.33694
 -10 6.33694
 -1 8.11405
 -1.005 8.11405
 -1.01291 8.11405
 -1.02542 8.11405
 -1.04519 8.11405
 -1.0764 8.11405
 -1.12556 8.11405
 -1.20278 8.11405
 -1.32351 8.11405
 -1.51086 8.11405
 -1.79834 8.11405
 -2.23187 8.11405
 -2.86884 8.11405
 -3.7698 8.11405
 -4.97789 8.11405
 -6.48684 8.11405
 -8.21304 8.11405
 -10 8.11405
 -1 10
 -1.005 10
 -1.01291 10
 -1.02542 10
 -1.04519 10
 -1.0764 10
 -1.12556 10
 -1.20278 10
 -1.32351 10
 -1.51086 10
 -1.79834 10
 -2.23187 10
 -2.86884 10
 -3.7698 10
 -4.97789 10
 -6.48684 10
 -8.21304 10
 -10 10
 -0.894737 0.5
 -0.894737 0.505
 -0.894737 0.512658
 -0.894737 0.524382
 -0.894737 0.542322
 -0.894737 0.569748
 -0.894737 0.611619
 -0.894737 0.67541
 -0.894737 0.772291
 -0.894737 0.918723
 -0.894737 1.13845
 -0.894737 1.46462
 -0.894737 1.94108
 -0.894737 2.62103
 -0.894737 3.55971
 -0.894737 4.79797
 -0.894737 6.33694
 -0.894737 8.11405
 -0.894737 10
 -0.789474 0.5
 -0.789474 0.505
 -0.789474 0.512658
 -0.789474 0.524382
 -0.789474 0.542322
 -0.789474 0.569748
 -0.789474 0.611619
 -0.789474 0.67541
 -0.789474 0.772291
 -0.789474 0.918723
 -0.789474 1.13845
 -0.789474 1.46462
 -0.789474 1.94108
 -0.789474 2.62103
 -0.789474 3.55971
 -0.789474 4.79797
 -0.789474 6.33694
 -0.789474 8.11405
 -0.789474 10
 -0.684211 0.5
 -0.684211 0.505
 -0.684211 0.512658
 -0.684211 0.524382
 -0.684211 0.542322
 -0.684211 0.569748
 -0.684211 0.611619
 -0.684211 0.67541
 -0.684211 0.772291
 -0.684211 0.918723
 -0.684211 1.13845
 -0.684211 1.46462
 -0.684211 1.94108
 -0.684211 2.62103
 -0.684211 3.55971
 -0.684211 4.79797
 -0.684211 6.33694
 -0.684211 8.11405
 -0.684211 10
 -0.578947 0.5
 -0.578947 0.505
 -0.578947 0.512658
 -0.578947 0.524382
 -0.578947 0.542322
 -0.578947 0.569748
 -0.578947 0.611619
 -0.578947 0.67541
 -0.578947 0.772291
 -0.578947 0.918723
 -0.578947 1.13845
 -0.578947 1.46462
 -0.578947 1.94108
 -0.578947 2.62103
 -0.578947 3.55971
 -0.578947 4.79797
 -0.578947 6.33694
 -0.578947 8.11405
 -0.578948 10
 -0.473684 0.5
 -0.473684 0.505
 -0.473684 0.512658
 -0.473684 0.524382
 -0.473684 0.542322
 -0.473684 0.569748
 -0.473684 0.611619
 -0.473684 0.67541
 -0.473684 0.772291
 -0.473684 0.918723
 -0.473684 1.13845
 -0.473684 1.46462
 -0.473684 1.94108
 -0.473684 2.62103
 -0.473684 3.55971
 -0.473684 4.79797
 -0.473684 6.33694
 -0.473684 8.11405
 -0.473684 10
 -0.368421 0.5
 -0.368421 0.505
 -0.368421 0.512658
 -0.368421 0.524382
 -0.368421 0.542322
 -0.368421 0.569748
 -0.368421 0.611619
 -0.368421 0.67541
 -0.368421 0.772291
 -0.368421 0.918723
 -0.368421 1.13845
 -0.368421 1.46462
 -0.368421 1.94108
 -0.368421 2.62103
 -0.368421 3.55971
 -0.368421 4.79797
 -0.368421 6.33694
 -0.368421 8.11405
 -0.368421 10
 -0.263158 0.5
 -0.263158 0.505
 -0.263158 0.512658
 -0.263158 0.524382
 -0.263158 0.542322
 -0.263158 0.569748
 -0.263158 0.611619
 -0.263158 0.67541
 -0.263158 0.772291
 -0.263158 0.918723
 -0.263158 1.13845
 -0.263158 1.46462
 -0.263158 1.94108
 -0.263158 2.62103
 -0.263158 3.55971
 -0.263158 4.79797
 -0.263158 6.33694
 -0.263158 8.11405
 -0.263158 10
 -0.157895 0.5
 -0.157895 0.505
 -0.157895 0.512658
 -0.157895 0.524382
 -0.157895 0.542322
 -0.157895 0.569748
 -0.157895 0.611619
 -0.157895 0.67541
 -0.157895 0.772291
 -0.157895 0.918723
 -0.157895 1.13845
 -0.157895 1.46462
 -0.157895 1.94108
 -0.157895 2.62103
 -0.157895 3.55971
 -0.157895 4.79797
 -0.157895 6.33694
 -0.157895 8.11405
 -0.157895 10
 -0.0526316 0.5
 -0.0526316 0.505
 -0.0526316 0.512658
 -0.0526316 0.524382
 -0.0526316 0.542322
 -0.0526316 0.569748
 -0.0526316 0.611619
 -0.0526316 0.67541
 -0.0526316 0.772291
 -0.0526316 0.918723
 -0.0526316 1.13845
 -0.0526316 1.46462
 -0.0526316 1.94108
 -0.0526316 2.62103
 -0.0526316 3.55971
 -0.0526316 4.79797
 -0.0526317 6.33694
 -0.0526317 8.11405
 -0.0526317 10
 0.0526316 0.5
 0.0526316 0.505
 0.0526316 0.512658
 0.0526316 0.524382
 0.0526316 0.542322
 0.0526316 0.569748
 0.0526316 0.611619
 0.0526316 0.67541
 0.0526316 0.772291
 0.0526316 0.918723
 0.0526316 1.13845
 0.0526316 1.46462
 0.0526316 1.94108
 0.0526316 2.62103
 0.0526315 3.55971
 0.0526315 4.79797
 0.0526315 6.33694
 0.0526315 8.11405
 0.0526315 10
 0.157895 0.5
 0.157895 0.505
 0.157895 0.512658
 0.157895 0.524382
 0.157895 0.542322
 0.157895 0.569748
 0.157895 0.611619
 0.157895 0.67541
 0.157895 0.772291
 0.157895 0.918723
 0.157895 1.13845
 0.157895 1.46462
 0.157895 1.94108
 0.157895 2.62103
 0.157895 3.55971
 0.157895 4.79797
 0.157895 6.33694
 0.157895 8.11405
 0.157895 10
 0.263158 0.5
 0.263158 0.505
 0.263158 0.512658
 0.263158 0.524382
 0.263158 0.542322
 0.263158 0.569748
 0.263158 0.611619
 0.263158 0.67541
 0.263158 0.772291
 0.263158 0.918723
 0.263158 1.13845
 0.263158 1.46462
 0.263158 1.94108
 0.263158 2.62103
 0.263158 3.55971
 0.263158 4.79797
 0.263158 6.33694
 0.263158 8.11405
 0.263158 10
 0.368421 0.5
 0.368421 0.505
 0.368421 0.512658
 0.368421 0.524382
 0.368421 0.542322
 0.368421 0.569748
 0.368421 0.611619
 0.368421 0.67541
 0.368421 0.772291
 0.368421 0.918723
 0.368421 1.13845
 0.368421 1.46462
 0.368421 1.94108
 0.368421 2.62103
 0.368421 3.55971
 0.368421 4.79797
 0.368421 6.33694
 0.368421 8.11405
 0.368421 10
 0.473684 0.5
 0.473684 0.505
 0.473684 0.512658
 0.473684 0.524382
 0.473684 0.542322
 0.473684 0.569748
 0.473684 0.611619
 0.473684 0.67541
 0.473684 0.772291
 0.473684 0.918723
 0.473684 1.13845
 0.473684 1.46462
 0.473684 1.94108
 0.473684 2.62103
 0.473684 3.55971
 0.473684 4.79797
 0.473684 6.33694
 0.473684 8.11405
 0.473684 10
 0.578947 0.5
 0.578947 0.505
 0.578947 0.512658
 0.578947 0.524382
 0.578947 0.542322
 0.578947 0.569748
 0.578947 0.611619
 0.578947 0.67541
 0.578947 0.772291
 0.578947 0.918723
 0.578947 1.13845
 0.578947 1.46462
 0.578947 1.94108
 0.578947 2.62103
 0.578947 3.55971
 0.578947 4.79797
 0.578947 6.33694
 0.578947 8.11405
 0.578947 10
 0.684211 0.5
 0.684211 0.505
 0.684211 0.512658
 0.684211 0.524382
 0.684211 0.542322
 0.684211 0.569748
 0.684211 0.611619
 0.684211 0.67541
 0.684211 0.772291
 0.684211 0.918723
 0.684211 1.13845
 0.684211 1.46462
 0.684211 1.94108
 0.684211 2.62103
 0.684211 3.55971
 0.684211 4.79797
 0.684211 6.33694
 0.684211 8.11405
 0.684211 10
 0.789474 0.5
 0.789474 0.505
 0.789474 0.512658
 0.789474 0.524382
 0.789474 0.542322
 0.789474 0.569748
 0.789474 0.611619
 0.789474 0.67541
 0.789474 0.772291
 0.789474 0.918723
 0.789474 1.13845
 0.789474 1.46462
 0.789474 1.94108
 0.789474 2.62103
 0.789474 3.55971
 0.789474 4.79797
 0.789474 6.33694
 0.789474 8.11405
 0.789474 10
 0.894737 0.5
 0.894737 0.505
 0.894737 0.512658
 0.894737 0.524382
 0.894737 0.542322
 0.894737 0.569748
 0.894737 0.611619
 0.894737 0.67541
 0.894737 0.772291
 0.894737 0.918723
 0.894737 1.13845
 0.894737 1.46462
 0.894737 1.94108
 0.894737 2.62103
 0.894737 3.55971
 0.894737 4.79797
 0.894737 6.33694
 0.894737 8.11405
 0.894737 10
 1 0.5
 1 0.505
 1 0.512658
 1 0.524382
 1 0.542322
 1 0.569748
 1 0.611619
 1 0.67541
 1 0.772291
 1 0.918723
 1 1.13845
 1 1.46462
 1 1.94108
 1 2.62103
 1 3.55971
 1 4.79797
 1 6.33694
 1 8.11405
 1 10
 1.005 -0.5
 1.005 -0.505
 1.005 -0.512658
 1.005 -0.524382
 1.005 -0.542322
 1.005 -0.569748
 1.005 -0.611619
 1.005 -0.67541
 1.005 -0.772291
 1.005 -0.918723
 1.005 -1.13845
 1.005 -1.46462
 1.005 -1.94108
 1.005 -2.62103
 1.005 -3.55971
 1.005 -4.79797
 1.005 -6.33694
 1.005 -8.11405
 1.005 -10
 1.01291 -0.5
 1.01291 -0.505
 1.01291 -0.512658
 1.01291 -0.524382
 1.01291 -0.542322
 1.01291 -0.569748
 1.01291 -0.611619
 1.01291 -0.67541
 1.01291 -0.772291
 1.01291 -0.918723
 1.01291 -1.13845
 1.01291 -1.46462
 1.01291 -1.94108
 1.01291 -2.62103
 1.01291 -3.55971
 1.01291 -4.79797
 1.01291 -6.33694
 1.01291 -8.11405
 1.01291 -10
 1.02542 -0.5
 1.02542 -0.505
 1.02542 -0.512658
 1.02542 -0.524382
 1.02542 -0.542322
 1.02542 -0.569748
 1.02542 -0.611619
 1.02542 -0.67541
 1.02542 -0.772291
 1.02542 -0.918723
 1.02542 -1.13845
 1.02542 -1.46462
 1.02542 -1.94108
 1.02542 -2.62103
 1.02542 -3.55971
 1.02542 -4.79797
 1.02542 -6.33694
 1.02542 -8.11405
 1.02542 -10
 1.04519 -0.5
 1.04519 -0.505
 1.04519 -0.512658
 1.04519 -0.524382
 1.04519 -0.542322
 1.04519 -0.569748
 1.04519 -0.611619
 1.04519 -0.67541
 1.04519 -0.772291
 1.04519 -0.918723
 1.04519 -1.13845
 1.04519 -1.46462
 1.04519 -1.94108
 1.04519 -2.62103
 1.04519 -3.55971
 1.04519 -4.79797
 1.04519 -6.33694
 1.04519 -8.11405
 1.04519 -10
 1.0764 -0.5
 1.0764 -0.505
 1.0764 -0.512658
 1.0764 -0.524382
 1.0764 -0.542322
 1.0764 -0.569748
 1.0764 -0.611619
 1.0764 -0.67541
 1.0764 -0.772291
 1.0764 -0.918723
 1.0764 -1.13845
 1.0764 -1.46462
 1.0764 -1.94108
 1.0764 -2.62103
 1.0764 -3.55971
 1.0764 -4.79797
 1.0764 -6.33694
 1.0764 -8.11405
 1.0764 -10
 1.12556 -0.5
 1.12556 -0.505
 1.12556 -0.512658
 1.12556 -0.524382
 1.12556 -0.542322
 1.12556 -0.569748
 1.12556 -0.611619
 1.12556 -0.67541
 1.12556 -0.772291
 1.12556 -0.918723
 1.12556 -1.13845
 1.12556 -1.46462
 1.12556 -1.94108
 1.12556 -2.62103
 1.12556 -3.55971
 1.12556 -4.79797
 1.12556 -6.33694
 1.12556 -8.11405
 1.12556 -10
 1.20278 -0.5
 1.20278 -0.505
 1.20278 -0.512658
 1.20278 -0.524382
 1.20278 -0.542322
 1.20278 -0.569748
 1.20278 -0.611619
 1.20278 -0.67541
 1.20278 -0.772291
 1.20278 -0.918723
 1.20278 -1.13845
 1.20278 -1.46462
 1.20278 -1.94108
 1.20278 -2.62103
 1.20278 -3.55971
 1.20278 -4.79797
 1.20278 -6.33694
 1.20278 -8.11405
 1.20278 -10
 1.32351 -0.5
 1.32351 -0.505
 1.32351 -0.512658
 1.32351 -0.524382
 1.32351 -0.542322
 1.32351 -0.569748
 1.32351 -0.611619
 1.32351 -0.67541
 1.32351 -0.772291
 1.32351 -0.918723
 1.32351 -1.13845
 1.32351 -1.46462
 1.32351 -1.94108
 1.32351 -2.62103
 1.32351 -3.55971
 1.32351 -4.79797
 1.32351 -6.33694
 1.32351 -8.11405
 1.32351 -10
 1.51086 -0.5
 1.51086 -0.505
 1.51086 -0.512658
 1.51086 -0.524382
 1.51086 -0.542322
 1.51086 -0.569748
 1.51086 -0.611619
 1.51086 -0.67541
 1.51086 -0.772291
 1.51086 -0.918723
 1.51086 -1.13845
 1.51086 -1.46462
 1.51086 -1.94108
 1.51086 -2.62103
 1.51086 -3.55971
 1.51086 -4.79797
 1.51086 -6.33694
 1.51086 -8.11405
 1.51086 -10
 1.79834 -0.5
 1.79834 -0.505
 1.79834 -0.512658
 1.79834 -0.524382
 1.79834 -0.542322
 1.79834 -0.569748
 1.79834 -0.611619
 1.79834 -0.67541
 1.79834 -0.772291
 1.79834 -0.918723
 1.79834 -1.13845
 1.79834 -1.46462
 1.79834 -1.94108
 1.79834 -2.62103
 1.79834 -3.55971
 1.79834 -4.79797
 1.79834 -6.33694
 1.79834 -8.11405
 1.79834 -10
 2.23187 -0.5
 2.23187 -0.505
 2.23187 -0.512658
 2.23187 -0.524382
 2.23187 -0.542322
 2.23187 -0.569748
 2.23187 -0.611619
 2.23187 -0.67541
 2.23187 -0.772291
 2.23187 -0.918723
 2.23187 -1.13845
 2.23187 -1.46462
 2.23187 -1.94108
 2.23187 -2.62103
 2.23187 -3.55971
 2.23187 -4.79797
 2.23187 -6.33694
 2.23187 -8.11405
 2.23187 -10
 2.86884 -0.5
 2.86884 -0.505
 2.86884 -0.512658
 2.86884 -0.524382
 2.86884 -0.542322
 2.86884 -0.569748
 2.86884 -0.611619
 2.86884 -0.67541
 2.86884 -0.772291
 2.86884 -0.918723
 2.86884 -1.13845
 2.86884 -1.46462
 2.86884 -1.94108
 2.86884 -2.62103
 2.86884 -3.55971
 2.86884 -4.79797
 2.86884 -6.33694
 2.86884 -8.11405
 2.86884 -10
 3.7698 -0.5
 3.7698 -0.505
 3.7698 -0.512658
 3.7698 -0.524382
 3.7698 -0.542322
 3.7698 -0.569748
 3.7698 -0.611619
 3.7698 -0.67541
 3.7698 -0.772291
 3.7698 -0.918723
 3.7698 -1.13845
 3.7698 -1.46462
 3.7698 -1.94108
 3.7698 -2.62103
 3.7698 -3.55971
 3.7698 -4.79797
 3.7698 -6.33694
 3.7698 -8.11405
 3.7698 -10
 4.97789 -0.5
 4.97789 -0.505
 4.97789 -0.512658
 4.97789 -0.524382
 4.97789 -0.542322
 4.97789 -0.569748
 4.97789 -0.611619
 4.97789 -0.67541
 4.97789 -0.772291
 4.97789 -0.918723
 4.97789 -1.13845
 4.97789 -1.46462
 4.97789 -1.94108
 4.97789 -2.62103
 4.97789 -3.55971
 4.97789 -4.79797
 4.97789 -6.33694
 4.97789 -8.11405
 4.97789 -10
 6.48684 -0.5
 6.48684 -0.505
 6.48684 -0.512658
 6.48684 -0.524382
 6.48684 -0.542322
 6.48684 -0.569748
 6.48684 -0.611619
 6.48684 -0.67541
 6.48684 -0.772291
 6.48684 -0.918723
 6.48684 -1.13845
 6.48684 -1.46462
 6.48684 -1.94108
 6.48684 -2.62103
 6.48684 -3.55971
 6.48684 -4.79797
 6.48684 -6.33694
 6.48684 -8.11405
 6.48684 -10
 8.21304 -0.5
 8.21304 -0.505
 8.21304 -0.512658
 8.21304 -0.524382
 8.21304 -0.542322
 8.21304 -0.569748
 8.21304 -0.611619
 8.21304 -0.67541
 8.21304 -0.772291
 8.21304 -0.918723
 8.21304 -1.13845
 8.21304 -1.46462
 8.21304 -1.94108
 8.21304 -2.62103
 8.21304 -3.55971
 8.21304 -4.79797
 8.21304 -6.33694
 8.21304 -8.11405
 8.21304 -10
 10 -0.5
 10 -0.505
 10 -0.512658
 10 -0.524382
 10 -0.542322
 10 -0.569748
 10 -0.611619
 10 -0.67541
 10 -0.772291
 10 -0.918723
 10 -1.13845
 10 -1.46462
 10 -1.94108
 10 -2.62103
 10 -3.55971
 10 -4.79797
 10 -6.33694
 10 -8.11405
 10 -10
 1 -0.388889
 1.005 -0.388889
 1 -0.277778
 1.005 -0.277778
 1 -0.166666
 1.005 -0.166666
 1 -0.0555554
 1.005 -0.0555554
 1 0.0555557
 1.005 0.0555557
 1 0.166667
 1.005 0.166667
 1 0.277778
 1.005 0.277778
 1 0.388889
 1.005 0.388889
 1.005 0.5
 1.01291 -0.388889
 1.01291 -0.277778
 1.01291 -0.166666
 1.01291 -0.0555554
 1.01291 0.0555557
 1.01291 0.166667
 1.01291 0.277778
 1.01291 0.388889
 1.01291 0.5
 1.02542 -0.388889
 1.02542 -0.277778
 1.02542 -0.166666
 1.02542 -0.0555554
 1.02542 0.0555557
 1.02542 0.166667
 1.02542 0.277778
 1.02542 0.388889
 1.02542 0.5
 1.04519 -0.388889
 1.04519 -0.277778
 1.04519 -0.166666
 1.04519 -0.0555554
 1.04519 0.0555557
 1.04519 0.166667
 1.04519 0.277778
 1.04519 0.388889
 1.04519 0.5
 1.0764 -0.388889
 1.0764 -0.277778
 1.0764 -0.166666
 1.0764 -0.0555554
 1.0764 0.0555557
 1.0764 0.166667
 1.0764 0.277778
 1.0764 0.388889
 1.0764 0.5
 1.12556 -0.388889
 1.12556 -0.277778
 1.12556 -0.166666
 1.12556 -0.0555554
 1.12556 0.0555557
 1.12556 0.166667
 1.12556 0.277778
 1.12556 0.388889
 1.12556 0.5
 1.20278 -0.388889
 1.20278 -0.277778
 1.20278 -0.166666
 1.20278 -0.0555554
 1.20278 0.0555557
 1.20278 0.166667
 1.20278 0.277778
 1.20278 0.388889
 1.20278 0.5
 1.32351 -0.388889
 1.32351 -0.277778
 1.32351 -0.166666
 1.32351 -0.0555554
 1.32351 0.0555557
 1.32351 0.166667
 1.32351 0.277778
 1.32351 0.388889
 1.32351 0.5
 1.51086 -0.388889
 1.51086 -0.277778
 1.51086 -0.166666
 1.51086 -0.0555554
 1.51086 0.0555556
 1.51086 0.166667
 1.51086 0.277778
 1.51086 0.388889
 1.51086 0.5
 1.79834 -0.388889
 1.79834 -0.277778
 1.79834 -0.166666
 1.79834 -0.0555554
 1.79834 0.0555556
 1.79834 0.166667
 1.79834 0.277778
 1.79834 0.388889
 1.79834 0.5
 2.23187 -0.388889
 2.23187 -0.277778
 2.23187 -0.166666
 2.23187 -0.0555554
 2.23187 0.0555556
 2.23187 0.166667
 2.23187 0.277778
 2.23187 0.388889
 2.23187 0.5
 2.86884 -0.388889
 2.86884 -0.277778
 2.86884 -0.166666
 2.86884 -0.0555555
 2.86884 0.0555556
 2.86884 0.166667
 2.86884 0.277778
 2.86884 0.388889
 2.86884 0.5
 3.7698 -0.388889
 3.7698 -0.277778
 3.7698 -0.166666
 3.7698 -0.0555555
 3.7698 0.0555556
 3.7698 0.166667
 3.7698 0.277778
 3.7698 0.388889
 3.7698 0.5
 4.97789 -0.388889
 4.97789 -0.277778
 4.97789 -0.166667
 4.97789 -0.0555555
 4.97789 0.0555556
 4.97789 0.166667
 4.97789 0.277778
 4.97789 0.388889
 4.97789 0.5
 6.48684 -0.388889
 6.48684 -0.277778
 6.48684 -0.166667
 6.48684 -0.0555555
 6.48684 0.0555555
 6.48684 0.166667
 6.48684 0.277778
 6.48684 0.388889
 6.48684 0.5
 8.21304 -0.388889
 8.21304 -0.277778
 8.21304 -0.166667
 8.21304 -0.0555556
 8.21304 0.0555555
 8.21304 0.166666
 8.21304 0.277778
 8.21304 0.388889
 8.21304 0.5
 10 -0.388889
 10 -0.277778
 10 -0.166667
 10 -0.0555556
 10 0.0555554
 10 0.166666
 10 0.277778
 10 0.388889
 10 0.499999
 1.005 0.505
 1.005 0.512658
 1.005 0.524382
 1.005 0.542322
 1.005 0.569748
 1.005 0.611619
 1.005 0.67541
 1.005 0.772291
 1.005 0.918723
 1.005 1.13845
 1.005 1.46462
 1.005 1.94108
 1.005 2.62103
 1.005 3.55971
 1.005 4.79797
 1.005 6.33694
 1.005 8.11405
 1.005 10
 1.01291 0.505
 1.01291 0.512658
 1.01291 0.524382
 1.01291 0.542322
 1.01291 0.569748
 1.01291 0.611619
 1.01291 0.67541
 1.01291 0.772291
 1.01291 0.918723
 1.01291 1.13845
 1.01291 1.46462
 1.01291 1.94108
 1.01291 2.62103
 1.01291 3.55971
 1.01291 4.79797
 1.01291 6.33694
 1.01291 8.11405
 1.01291 10
 1.02542 0.505
 1.02542 0.512658
 1.02542 0.524382
 1.02542 0.542322
 1.02542 0.569748
 1.02542 0.611619
 1.02542 0.67541
 1.02542 0.772291
 1.02542 0.918723
 1.02542 1.13845
 1.02542 1.46462
 1.02542 1.94108
 1.02542 2.62103
 1.02542 3.55971
 1.02542 4.79797
 1.02542 6.33694
 1.02542 8.11405
 1.02542 10
 1.04519 0.505
 1.04519 0.512658
 1.04519 0.524382
 1.04519 0.542322
 1.04519 0.569748
 1.04519 0.611619
 1.04519 0.67541
 1.04519 0.772291
 1.04519 0.918723
 1.04519 1.13845
 1.04519 1.46462
 1.04519 1.94108
 1.04519 2.62103
 1.04519 3.55971
 1.04519 4.79797
 1.04519 6.33694
 1.04519 8.11405
 1.04519 10
 1.0764 0.505
 1.0764 0.512658
 1.0764 0.524382
 1.0764 0.542322
 1.0764 0.569748
 1.0764 0.611619
 1.0764 0.67541
 1.0764 0.772291
 1.0764 0.918723
 1.0764 1.13845
 1.0764 1.46462
 1.0764 1.94108
 1.0764 2.62103
 1.0764 3.55971
 1.0764 4.79797
 1.0764 6.33694
 1.0764 8.11405
 1.0764 10
 1.12556 0.505
 1.12556 0.512658
 1.12556 0.524382
 1.12556 0.542322
 1.12556 0.569748
 1.12556 0.611619
 1.12556 0.67541
 1.12556 0.772291
 1.12556 0.918723
 1.12556 1.13845
 1.12556 1.46462
 1.12556 1.94108
 1.12556 2.62103
 1.12556 3.55971
 1.12556 4.79797
 1.12556 6.33694
 1.12556 8.11405
 1.12556 10
 1.20278 0.505
 1.20278 0.512658
 1.20278 0.524382
 1.20278 0.542322
 1.20278 0.569748
 1.20278 0.611619
 1.20278 0.67541
 1.20278 0.772291
 1.20278 0.918723
 1.20278 1.13845
 1.20278 1.46462
 1.20278 1.94108
 1.20278 2.62103
 1.20278 3.55971
 1.20278 4.79797
 1.20278 6.33694
 1.20278 8.11405
 1.20278 10
 1.32351 0.505
 1.32351 0.512658
 1.32351 0.524382
 1.32351 0.542322
 1.32351 0.569748
 1.32351 0.611619
 1.32351 0.67541
 1.32351 0.772291
 1.32351 0.918723
 1.32351 1.13845
 1.32351 1.46462
 1.32351 1.94108
 1.32351 2.62103
 1.32351 3.55971
 1.32351 4.79797
 1.32351 6.33694
 1.32351 8.11405
 1.32351 10
 1.51086 0.505
 1.51086 0.512658
 1.51086 0.524382
 1.51086 0.542322
 1.51086 0.569748
 1.51086 0.611619
 1.51086 0.67541
 1.51086 0.772291
 1.51086 0.918723
 1.51086 1.13845
 1.51086 1.46462
 1.51086 1.94108
 1.51086 2.62103
 1.51086 3.55971
 1.51086 4.79797
 1.51086 6.33694
 1.51086 8.11405
 1.51086 10
 1.79834 0.505
 1.79834 0.512658
 1.79834 0.524382
 1.79834 0.542322
 1.79834 0.569748
 1.79834 0.611619
 1.79834 0.67541
 1.79834 0.772291
 1.79834 0.918723
 1.79834 1.13845
 1.79834 1.46462
 1.79834 1.94108
 1.79834 2.62103
 1.79834 3.55971
 1.79834 4.79797
 1.79834 6.33694
 1.79834 8.11405
 1.79834 10
 2.23187 0.505
 2.23187 0.512658
 2.23187 0.524382
 2.23187 0.542322
 2.23187 0.569748
 2.23187 0.611619
 2.23187 0.67541
 2.23187 0.772291
 2.23187 0.918723
 2.23187 1.13845
 2.23187 1.46462
 2.23187 1.94108
 2.23187 2.62103
 2.23187 3.55971
 2.23187 4.79797
 2.23187 6.33694
 2.23187 8.11405
 2.23187 10
 2.86884 0.505
 2.86884 0.512658
 2.86884 0.524382
 2.86884 0.542322
 2.86884 0.569748
 2.86884 0.611619
 2.86884 0.67541
 2.86884 0.772291
 2.86884 0.918723
 2.86884 1.13845
 2.86884 1.46462
 2.86884 1.94108
 2.86884 2.62103
 2.86884 3.55971
 2.86884 4.79797
 2.86884 6.33694
 2.86884 8.11405
 2.86884 10
 3.7698 0.505
 3.7698 0.512658
 3.7698 0.524382
 3.7698 0.542322
 3.7698 0.569748
 3.7698 0.611619
 3.7698 0.67541
 3.7698 0.772291
 3.7698 0.918723
 3.7698 1.13845
 3.7698 1.46462
 3.7698 1.94108
 3.7698 2.62103
 3.7698 3.55971
 3.7698 4.79797
 3.7698 6.33694
 3.7698 8.11405
 3.7698 10
 4.97789 0.505
 4.97789 0.512658
 4.97789 0.524382
 4.97789 0.542322
 4.97789 0.569748
 4.97789 0.611619
 4.97789 0.67541
 4.97789 0.772291
 4.97789 0.918723
 4.97789 1.13845
 4.97789 1.46462
 4.97789 1.94108
 4.97789 2.62103
 4.97789 3.55971
 4.97789 4.79797
 4.97789 6.33694
 4.97789 8.11405
 4.97789 10
 6.48684 0.505
 6.48684 0.512658
 6.48684 0.524382
 6.48684 0.542322
 6.48684 0.569748
 6.48684 0.611618
 6.48684 0.67541
 6.48684 0.772291
 6.48684 0.918723
 6.48684 1.13845
 6.48684 1.46462
 6.48684 1.94108
 6.48684 2.62103
 6.48684 3.55971
 6.48684 4.79797
 6.48684 6.33694
 6.48684 8.11405
 6.48684 10
 8.21304 0.505
 8.21304 0.512658
 8.21304 0.524382
 8.21304 0.542322
 8.21304 0.569748
 8.21304 0.611618
 8.21304 0.675409
 8.21304 0.772291
 8.21304 0.918723
 8.21304 1.13845
 8.21304 1.46462
 8.21304 1.94108
 8.21304 2.62103
 8.21304 3.55971
 8.21304 4.79797
 8.21304 6.33694
 8.21304 8.11405
 8.21304 10
 10 0.505
 10 0.512657
 10 0.524382
 10 0.542322
 10 0.569748
 10 0.611618
 10 0.675409
 10 0.77229
 10 0.918723
 10 1.13845
 10 1.46462
 10 1.94108
 10 2.62103
 10 3.55971
 10 4.79797
 10 6.33694
 10 8.11405
 10 10

 1 2 4 3
 4 2 5 6
 6 5 7 8
 8 7 9 10
 10 9 11 12
 12 11 13 14
 14 13 15 16
 16 15 17 18
 18 17 19 20
 20 19 21 22
 22 21 23 24
 24 23 25 26
 26 25 27 28
 28 27 29 30
 30 29 31 32
 32 31 33 34
 34 33 35 36
 36 35 37 38
 3 4 40 39
 4 6 41 40
 6 8 42 41
 8 10 43 42
 10 12 44 43
 12 14 45 44
 14 16 46 45
 16 18 47 46
 18 20 48 47
 20 22 49 48
 22 24 50 49
 24 26 51 50
 26 28 52 51
 28 30 53 52
 30 32 54 53
 32 34 55 54
 34 36 56 55
 36 38 57 56
 39 40 59 58
 40 41 60 59
 41 42 61 60
 42 43 62 61
 43 44 63 62
 44 45 64 63
 45 46 65 64
 46 47 66 65
 47 48 67 66
 48 49 68 67
 49 50 69 68
 50 51 70 69
 51 52 71 70
 52 53 72 71
 53 54 73 72
 54 55 74 73
 55 56 75 74
 56 57 76 75
 58 59 78 77
 59 60 79 78
 60 61 80 79
 61 62 81 80
 62 63 82 81
 63 64 83 82
 64 65 84 83
 65 66 85 84
 66 67 86 85
 67 68 87 86
 68 69 88 87
 69 70 89 88
 70 71 90 89
 71 72 91 90
 72 73 92 91
 73 74 93 92
 74 75 94 93
 75 76 95 94
 77 78 97 96
 78 79 98 97
 79 80 99 98
 80 81 100 99
 81 82 101 100
 82 83 102 101
 83 84 103 102
 84 85 104 103
 85 86 105 104
 86 87 106 105
 87 88 107 106
 88 89 108 107
 89 90 109 108
 90 91 110 109
 91 92 111 110
 92 93 112 111
 93 94 113 112
 94 95 114 113
 96 97 116 115
 97 98 117 116
 98 99 118 117
 99 100 119 118
 100 101 120 119
 101 102 121 120
 102 103 122 121
 103 104 123 122
 104 105 124 123
 105 106 125 124
 106 107 126 125
 107 108 127 126
 108 109 128 127
 109 110 129 128
 110 111 130 129
 111 112 131 130
 112 113 132 131
 113 114 133 132
 115 116 135 134
 116 117 136 135
 117 118 137 136
 118 119 138 137
 119 120 139 138
 120 121 140 139
 121 122 141 140
 122 123 142 141
 123 124 143 142
 124 125 144 143
 125 126 145 144
 126 127 146 145
 127 128 147 146
 128 129 148 147
 129 130 149 148
 130 131 150 149
 131 132 151 150
 132 133 152 151
 134 135 154 153
 135 136 155 154
 136 137 156 155
 137 138 157 156
 138 139 158 157
 139 140 159 158
 140 141 160 159
 141 142 161 160
 142 143 162 161
 143 144 163 162
 144 145 164 163
 145 146 165 164
 146 147 166 165
 147 148 167 166
 148 149 168 167
 149 150 169 168
 150 151 170 169
 151 152 171 170
 153 154 173 172
 154 155 174 173
 155 156 175 174
 156 157 176 175
 157 158 177 176
 158 159 178 177
 159 160 179 178
 160 161 180 179
 161 162 181 180
 162 163 182 181
 163 164 183 182
 164 165 184 183
 165 166 185 184
 166 167 186 185
 167 168 187 186
 168 169 188 187
 169 170 189 188
 170 171 190 189
 172 173 192 191
 173 174 193 192
 174 175 194 193
 175 176 195 194
 176 177 196 195
 177 178 197 196
 178 179 198 197
 179 180 199 198
 180 181 200 199
 181 182 201 200
 182 183 202 201
 183 184 203 202
 184 185 204 203
 185 186 205 204
 186 187 206 205
 187 188 207 206
 188 189 208 207
 189 190 209 208
 191 192 211 210
 192 193 212 211
 193 194 213 212
 194 195 214 213
 195 196 215 214
 196 197 216 215
 197 198 217 216
 198 199 218 217
 199 200 219 218
 200 201 220 219
 201 202 221 220
 202 203 222 221
 203 204 223 222
 204 205 224 223
 205 206 225 224
 206 207 226 225
 207 208 227 226
 208 209 228 227
 210 211 230 229
 211 212 231 230
 212 213 232 231
 213 214 233 232
 214 215 234 233
 215 216 235 234
 216 217 236 235
 217 218 237 236
 218 219 238 237
 219 220 239 238
 220 221 240 239
 221 222 241 240
 222 223 242 241
 223 224 243 242
 224 225 244 243
 225 226 245 244
 226 227 246 245
 227 228 247 246
 229 230 249 248
 230 231 250 249
 231 232 251 250
 232 233 252 251
 233 234 253 252
 234 235 254 253
 235 236 255 254
 236 237 256 255
 237 238 257 256
 238 239 258 257
 239 240 259 258
 240 241 260 259
 241 242 261 260
 242 243 262 261
 243 244 263 262
 244 245 264 263
 245 246 265 264
 246 247 266 265
 248 249 268 267
 249 250 269 268
 250 251 270 269
 251 252 271 270
 252 253 272 271
 253 254 273 272
 254 255 274 273
 255 256 275 274
 256 257 276 275
 257 258 277 276
 258 259 278 277
 259 260 279 278
 260 261 280 279
 261 262 281 280
 262 263 282 281
 263 264 283 282
 264 265 284 283
 265 266 285 284
 267 268 287 286
 268 269 288 287
 269 270 289 288
 270 271 290 289
 271 272 291 290
 272 273 292 291
 273 274 293 292
 274 275 294 293
 275 276 295 294
 276 277 296 295
 277 278 297 296
 278 279 298 297
 279 280 299 298
 280 281 300 299
 281 282 301 300
 282 283 302 301
 283 284 303 302
 284 285 304 303
 286 287 306 305
 287 288 307 306
 288 289 308 307
 289 290 309 308
 290 291 310 309
 291 292 311 310
 292 293 312 311
 293 294 313 312
 294 295 314 313
 295 296 315 314
 296 297 316 315
 297 298 317 316
 298 299 318 317
 299 300 319 318
 300 301 320 319
 301 302 321 320
 302 303 322 321
 303 304 323 322
 305 306 325 324
 306 307 326 325
 307 308 327 326
 308 309 328 327
 309 310 329 328
 310 311 330 329
 311 312 331 330
 312 313 332 331
 313 314 333 332
 314 315 334 333
 315 316 335 334
 316 317 336 335
 317 318 337 336
 318 319 338 337
 319 320 339 338
 320 321 340 339
 321 322 341 340
 322 323 342 341
 324 325 344 343
 325 326 345 344
 326 327 346 345
 327 328 347 346
 328 329 348 347
 329 330 349 348
 330 331 350 349
 331 332 351 350
 332 333 352 351
 333 334 353 352
 334 335 354 353
 335 336 355 354
 336 337 356 355
 337 338 357 356
 338 339 358 357
 339 340 359 358
 340 341 360 359
 341 342 361 360
 343 344 363 362
 344 345 364 363
 345 346 365 364
 346 347 366 365
 347 348 367 366
 348 349 368 367
 349 350 369 368
 350 351 370 369
 351 352 371 370
 352 353 372 371
 353 354 373 372
 354 355 374 373
 355 356 375 374
 356 357 376 375
 357 358 377 376
 358 359 378 377
 359 360 379 378
 360 361 380 379
 2 1 381 382
 5 2 382 383
 7 5 383 384
 9 7 384 385
 11 9 385 386
 13 11 386 387
 15 13 387 388
 17 15 388 389
 19 17 389 390
 21 19 390 391
 23 21 391 392
 25 23 392 393
 27 25 393 394
 29 27 394 395
 31 29 395 396
 33 31 396 397
 35 33 397 398
 37 35 398 399
 382 381 400 401
 383 382 401 402
 384 383 402 403
 385 384 403 404
 386 385 404 405
 387 386 405 406
 388 387 406 407
 389 388 407 408
 390 389 408 409
 391 390 409 410
 392 391 410 411
 393 392 411 412
 394 393 412 413
 395 394 413 414
 396 395 414 415
 397 396 415 416
 398 397 416 417
 399 398 417 418
 401 400 419 420
 402 401 420 421
 403 402 421 422
 404 403 422 423
 405 404 423 424
 406 405 424 425
 407 406 425 426
 408 407 426 427
 409 408 427 428
 410 409 428 429
 411 410 429 430
 412 411 430 431
 413 412 431 432
 414 413 432 433
 415 414 433 434
 416 415 434 435
 417 416 435 436
 418 417 436 437
 420 419 438 439
 421 420 439 440
 422 421 440 441
 423 422 441 442
 424 423 442 443
 425 424 443 444
 426 425 444 445
 427 426 445 446
 428 427 446 447
 429 428 447 448
 430 429 448 449
 431 430 449 450
 432 431 450 451
 433 432 451 452
 434 433 452 453
 435 434 453 454
 436 435 454 455
 437 436 455 456
 439 438 457 458
 440 439 458 459
 441 440 459 460
 442 441 460 461
 443 442 461 462
 444 443 462 463
 445 444 463 464
 446 445 464 465
 447 446 465 466
 448 447 466 467
 449 448 467 468
 450 449 468 469
 451 450 469 470
 452 451 470 471
 453 452 471 472
 454 453 472 473
 455 454 473 474
 456 455 474 475
 458 457 476 477
 459 458 477 478
 460 459 478 479
 461 460 479 480
 462 461 480 481
 463 462 481 482
 464 463 482 483
 465 464 483 484
 466 465 484 485
 467 466 485 486
 468 467 486 487
 469 468 487 488
 470 469 488 489
 471 470 489 490
 472 471 490 491
 473 472 491 492
 474 473 492 493
 475 474 493 494
 477 476 495 496
 478 477 496 497
 479 478 497 498
 480 479 498 499
 481 480 499 500
 482 481 500 501
 483 482 501 502
 484 483 502 503
 485 484 503 504
 486 485 504 505
 487 486 505 506
 488 487 506 507
 489 488 507 508
 490 489 508 509
 491 490 509 510
 492 491 510 511
 493 492 511 512
 494 493 512 513
 496 495 514 515
 497 496 515 516
 498 497 516 517
 499 498 517 518
 500 499 518 519
 501 500 519 520
 502 501 520 521
 503 502 521 522
 504 503 522 523
 505 504 523 524
 506 505 524 525
 507 506 525 526
 508 507 526 527
 509 508 527 528
 510 509 528 529
 511 510 529 530
 512 511 530 531
 513 512 531 532
 515 514 533 534
 516 515 534 535
 517 516 535 536
 518 517 536 537
 519 518 537 538
 520 519 538 539
 521 520 539 540
 522 521 540 541
 523 522 541 542
 524 523 542 543
 525 524 543 544
 526 525 544 545
 527 526 545 546
 528 527 546 547
 529 528 547 548
 530 529 548 549
 531 530 549 550
 532 531 550 551
 534 533 552 553
 535 534 553 554
 536 535 554 555
 537 536 555 556
 538 537 556 557
 539 538 557 558
 540 539 558 559
 541 540 559 560
 542 541 560 561
 543 542 561 562
 544 543 562 563
 545 544 563 564
 546 545 564 565
 547 546 565 566
 548 547 566 567
 549 548 567 568
 550 549 568 569
 551 550 569 570
 553 552 571 572
 554 553 572 573
 555 554 573 574
 556 555 574 575
 557 556 575 576
 558 557 576 577
 559 558 577 578
 560 559 578 579
 561 560 579 580
 562 561 580 581
 563 562 581 582
 564 563 582 583
 565 564 583 584
 566 565 584 585
 567 566 585 586
 568 567 586 587
 569 568 587 588
 570 569 588 589
 572 571 590 591
 573 572 591 592
 574 573 592 593
 575 574 593 594
 576 575 594 595
 577 576 595 596
 578 577 596 597
 579 578 597 598
 580 579 598 599
 581 580 599 600
 582 581 600 601
 583 582 601 602
 584 583 602 603
 585 584 603 604
 586 585 604 605
 587 586 605 606
 588 587 606 607
 589 588 607 608
 591 590 609 610
 592 591 610 611
 593 592 611 612
 594 593 612 613
 595 594 613 614
 596 595 614 615
 597 596 615 616
 598 597 616 617
 599 598 617 618
 600 599 618 619
 601 600 619 620
 602 601 620 621
 603 602 621 622
 604 603 622 623
 605 604 623 624
 606 605 624 625
 607 606 625 626
 608 607 626 627
 610 609 628 629
 611 610 629 630
 612 611 630 631
 613 612 631 632
 614 613 632 633
 615 614 633 634
 616 615 634 635
 617 616 635 636
 618 617 636 637
 619 618 637 638
 620 619 638 639
 621 620 639 640
 622 621 640 641
 623 622 641 642
 624 623 642 643
 625 624 643 644
 626 625 644 645
 627 626 645 646
 629 628 647 648
 630 629 648 649
 631 630 649 650
 632 631 650 651
 633 632 651 652
 634 633 652 653
 635 634 653 654
 636 635 654 655
 637 636 655 656
 638 637 656 657
 639 638 657 658
 640 639 658 659
 641 640 659 660
 642 641 660 661
 643 642 661 662
 644 643 662 663
 645 644 663 664
 646 645 664 665
 648 647 666 667
 649 648 667 668
 650 649 668 669
 651 650 669 670
 652 651 670 671
 653 652 671 672
 654 653 672 673
 655 654 673 674
 656 655 674 675
 657 656 675 676
 658 657 676 677
 659 658 677 678
 660 659 678 679
 661 660 679 680
 662 661 680 681
 663 662 681 682
 664 663 682 683
 665 664 683 684
 667 666 685 686
 668 667 686 687
 669 668 687 688
 670 669 688 689
 671 670 689 690
 672 671 690 691
 673 672 691 692
 674 673 692 693
 675 674 693 694
 676 675 694 695
 677 676 695 696
 678 677 696 697
 679 678 697 698
 680 679 698 699
 681 680 699 700
 682 681 700 701
 683 682 701 702
 684 683 702 703
 381 1 704 705
 400 381 705 706
 419 400 706 707
 438 419 707 708
 457 438 708 709
 476 457 709 710
 495 476 710 711
 514 495 711 712
 533 514 712 713
 552 533 713 714
 571 552 714 715
 590 571 715 716
 609 590 716 717
 628 609 717 718
 647 628 718 719
 666 647 719 720
 685 666 720 721
 705 704 722 723
 706 705 723 724
 707 706 724 725
 708 707 725 726
 709 708 726 727
 710 709 727 728
 711 710 728 729
 712 711 729 730
 713 712 730 731
 714 713 731 732
 715 714 732 733
 716 715 733 734
 717 716 734 735
 718 717 735 736
 719 718 736 737
 720 719 737 738
 721 720 738 739
 723 722 740 741
 724 723 741 742
 725 724 742 743
 726 725 743 744
 727 726 744 745
 728 727 745 746
 729 728 746 747
 730 729 747 748
 731 730 748 749
 732 731 749 750
 733 732 750 751
 734 733 751 752
 735 734 752 753
 736 735 753 754
 737 736 754 755
 738 737 755 756
 739 738 756 757
 741 740 758 759
 742 741 759 760
 743 742 760 761
 744 743 761 762
 745 744 762 763
 746 745 763 764
 747 746 764 765
 748 747 765 766
 749 748 766 767
 750 749 767 768
 751 750 768 769
 752 751 769 770
 753 752 770 771
 754 753 771 772
 755 754 772 773
 756 755 773 774
 757 756 774 775
 759 758 776 777
 760 759 777 778
 761 760 778 779
 762 761 779 780
 763 762 780 781
 764 763 781 782
 765 764 782 783
 766 765 783 784
 767 766 784 785
 768 767 785 786
 769 768 786 787
 770 769 787 788
 771 770 788 789
 772 771 789 790
 773 772 790 791
 774 773 791 792
 775 774 792 793
 777 776 794 795
 778 777 795 796
 779 778 796 797
 780 779 797 798
 781 780 798 799
 782 781 799 800
 783 782 800 801
 784 783 801 802
 785 784 802 803
 786 785 803 804
 787 786 804 805
 788 787 805 806
 789 788 806 807
 790 789 807 808
 791 790 808 809
 792 791 809 810
 793 792 810 811
 795 794 812 813
 796 795 813 814
 797 796 814 815
 798 797 815 816
 799 798 816 817
 800 799 817 818
 801 800 818 819
 802 801 819 820
 803 802 820 821
 804 803 821 822
 805 804 822 823
 806 805 823 824
 807 806 824 825
 808 807 825 826
 809 808 826 827
 810 809 827 828
 811 810 828 829
 813 812 830 831
 814 813 831 832
 815 814 832 833
 816 815 833 834
 817 816 834 835
 818 817 835 836
 819 818 836 837
 820 819 837 838
 821 820 838 839
 822 821 839 840
 823 822 840 841
 824 823 841 842
 825 824 842 843
 826 825 843 844
 827 826 844 845
 828 827 845 846
 829 828 846 847
 831 830 848 849
 832 831 849 850
 833 832 850 851
 834 833 851 852
 835 834 852 853
 836 835 853 854
 837 836 854 855
 838 837 855 856
 839 838 856 857
 840 839 857 858
 841 840 858 859
 842 841 859 860
 843 842 860 861
 844 843 861 862
 845 844 862 863
 846 845 863 864
 847 846 864 865
 849 848 866 867
 850 849 867 868
 851 850 868 869
 852 851 869 870
 853 852 870 871
 854 853 871 872
 855 854 872 873
 856 855 873 874
 857 856 874 875
 858 857 875 876
 859 858 876 877
 860 859 877 878
 861 860 878 879
 862 861 879 880
 863 862 880 881
 864 863 881 882
 865 864 882 883
 867 866 884 885
 868 867 885 886
 869 868 886 887
 870 869 887 888
 871 870 888 889
 872 871 889 890
 873 872 890 891
 874 873 891 892
 875 874 892 893
 876 875 893 894
 877 876 894 895
 878 877 895 896
 879 878 896 897
 880 879 897 898
 881 880 898 899
 882 881 899 900
 883 882 900 901
 885 884 902 903
 886 885 903 904
 887 886 904 905
 888 887 905 906
 889 888 906 907
 890 889 907 908
 891 890 908 909
 892 891 909 910
 893 892 910 911
 894 893 911 912
 895 894 912 913
 896 895 913 914
 897 896 914 915
 898 897 915 916
 899 898 916 917
 900 899 917 918
 901 900 918 919
 903 902 920 921
 904 903 921 922
 905 904 922 923
 906 905 923 924
 907 906 924 925
 908 907 925 926
 909 908 926 927
 910 909 927 928
 911 910 928 929
 912 911 929 930
 913 912 930 931
 914 913 931 932
 915 914 932 933
 916 915 933 934
 917 916 934 935
 918 917 935 936
 919 918 936 937
 921 920 938 939
 922 921 939 940
 923 922 940 941
 924 923 941 942
 925 924 942 943
 926 925 943 944
 927 926 944 945
 928 927 945 946
 929 928 946 947
 930 929 947 948
 931 930 948 949
 932 931 949 950
 933 932 950 951
 934 933 951 952
 935 934 952 953
 936 935 953 954
 937 936 954 955
 939 938 956 957
 940 939 957 958
 941 940 958 959
 942 941 959 960
 943 942 960 961
 944 943 961 962
 945 944 962 963
 946 945 963 964
 947 946 964 965
 948 947 965 966
 949 948 966 967
 950 949 967 968
 951 950 968 969
 952 951 969 970
 953 952 970 971
 954 953 971 972
 955 954 972 973
 957 956 974 975
 958 957 975 976
 959 958 976 977
 960 959 977 978
 961 960 978 979
 962 961 979 980
 963 962 980 981
 964 963 981 982
 965 964 982 983
 966 965 983 984
 967 966 984 985
 968 967 985 986
 969 968 986 987
 970 969 987 988
 971 970 988 989
 972 971 989 990
 973 972 990 991
 975 974 992 993
 976 975 993 994
 977 976 994 995
 978 977 995 996
 979 978 996 997
 980 979 997 998
 981 980 998 999
 982 981 999 1000
 983 982 1000 1001
 984 983 1001 1002
 985 984 1002 1003
 986 985 1003 1004
 987 986 1004 1005
 988 987 1005 1006
 989 988 1006 1007
 990 989 1007 1008
 991 990 1008 1009
 993 992 1010 1011
 994 993 1011 1012
 995 994 1012 1013
 996 995 1013 1014
 997 996 1014 1015
 998 997 1015 1016
 999 998 1016 1017
 1000 999 1017 1018
 1001 1000 1018 1019
 1002 1001 1019 1020
 1003 1002 1020 1021
 1004 1003 1021 1022
 1005 1004 1022 1023
 1006 1005 1023 1024
 1007 1006 1024 1025
 1008 1007 1025 1026
 1009 1008 1026 1027
 1011 1010 1028 1029
 1012 1011 1029 1030
 1013 1012 1030 1031
 1014 1013 1031 1032
 1015 1014 1032 1033
 1016 1015 1033 1034
 1017 1016 1034 1035
 1018 1017 1035 1036
 1019 1018 1036 1037
 1020 1019 1037 1038
 1021 1020 1038 1039
 1022 1021 1039 1040
 1023 1022 1040 1041
 1024 1023 1041 1042
 1025 1024 1042 1043
 1026 1025 1043 1044
 1027 1026 1044 1045
 1029 1028 1046 1047
 1030 1029 1047 1048
 1031 1030 1048 1049
 1032 1031 1049 1050
 1033 1032 1050 1051
 1034 1033 1051 1052
 1035 1034 1052 1053
 1036 1035 1053 1054
 1037 1036 1054 1055
 1038 1037 1055 1056
 1039 1038 1056 1057
 1040 1039 1057 1058
 1041 1040 1058 1059
 1042 1041 1059 1060
 1043 1042 1060 1061
 1044 1043 1061 1062
 1045 1044 1062 1063
 1047 1046 1064 1065
 1048 1047 1065 1066
 1049 1048 1066 1067
 1050 1049 1067 1068
 1051 1050 1068 1069
 1052 1051 1069 1070
 1053 1052 1070 1071
 1054 1053 1071 1072
 1055 1054 1072 1073
 1056 1055 1073 1074
 1057 1056 1074 1075
 1058 1057 1075 1076
 1059 1058 1076 1077
 1060 1059 1077 1078
 1061 1060 1078 1079
 1062 1061 1079 1080
 1063 1062 1080 1081
 1065 1064 1082 1083
 1066 1065 1083 1084
 1067 1066 1084 1085
 1068 1067 1085 1086
 1069 1068 1086 1087
 1070 1069 1087 1088
 1071 1070 1088 1089
 1072 1071 1089 1090
 1073 1072 1090 1091
 1074 1073 1091 1092
 1075 1074 1092 1093
 1076 1075 1093 1094
 1077 1076 1094 1095
 1078 1077 1095 1096
 1079 1078 1096 1097
 1080 1079 1097 1098
 1081 1080 1098 1099
 1083 1082 1100 1101
 1084 1083 1101 1102
 1085 1084 1102 1103
 1086 1085 1103 1104
 1087 1086 1104 1105
 1088 1087 1105 1106
 1089 1088 1106 1107
 1090 1089 1107 1108
 1091 1090 1108 1109
 1092 1091 1109 1110
 1093 1092 1110 1111
 1094 1093 1111 1112
 1095 1094 1112 1113
 1096 1095 1113 1114
 1097 1096 1114 1115
 1098 1097 1115 1116
 1099 1098 1116 1117
 1101 1100 1118 1119
 1102 1101 1119 1120
 1103 1102 1120 1121
 1104 1103 1121 1122
 1105 1104 1122 1123
 1106 1105 1123 1124
 1107 1106 1124 1125
 1108 1107 1125 1126
 1109 1108 1126 1127
 1110 1109 1127 1128
 1111 1110 1128 1129
 1112 1111 1129 1130
 1113 1112 1130 1131
 1114 1113 1131 1132
 1115 1114 1132 1133
 1116 1115 1133 1134
 1117 1116 1134 1135
 1119 1118 1136 1137
 1120 1119 1137 1138
 1121 1120 1138 1139
 1122 1121 1139 1140
 1123 1122 1140 1141
 1124 1123 1141 1142
 1125 1124 1142 1143
 1126 1125 1143 1144
 1127 1126 1144 1145
 1128 1127 1145 1146
 1129 1128 1146 1147
 1130 1129 1147 1148
 1131 1130 1148 1149
 1132 1131 1149 1150
 1133 1132 1150 1151
 1134 1133 1151 1152
 1135 1134 1152 1153
 1137 1136 1154 1155
 1138 1137 1155 1156
 1139 1138 1156 1157
 1140 1139 1157 1158
 1141 1140 1158 1159
 1142 1141 1159 1160
 1143 1142 1160 1161
 1144 1143 1161 1162
 1145 1144 1162 1163
 1146 1145 1163 1164
 1147 1146 1164 1165
 1148 1147 1165 1166
 1149 1148 1166 1167
 1150 1149 1167 1168
 1151 1150 1168 1169
 1152 1151 1169 1170
 1153 1152 1170 1171
 1155 1154 1172 1173
 1156 1155 1173 1174
 1157 1156 1174 1175
 1158 1157 1175 1176
 1159 1158 1176 1177
 1160 1159 1177 1178
 1161 1160 1178 1179
 1162 1161 1179 1180
 1163 1162 1180 1181
 1164 1163 1181 1182
 1165 1164 1182 1183
 1166 1165 1183 1184
 1167 1166 1184 1185
 1168 1167 1185 1186
 1169 1168 1186 1187
 1170 1169 1187 1188
 1171 1170 1188 1189
 866 848 1190 1191
 884 866 1191 1192
 902 884 1192 1193
 920 902 1193 1194
 938 920 1194 1195
 956 938 1195 1196
 974 956 1196 1197
 992 974 1197 1198
 1010 992 1198 1199
 1028 1010 1199 1200
 1046 1028 1200 1201
 1064 1046 1201 1202
 1082 1064 1202 1203
 1100 1082 1203 1204
 1118 1100 1204 1205
 1136 1118 1205 1206
 1154 1136 1206 1207
 1172 1154 1207 1208
 1191 1190 1209 1210
 1192 1191 1210 1211
 1193 1192 1211 1212
 1194 1193 1212 1213
 1195 1194 1213 1214
 1196 1195 1214 1215
 1197 1196 1215 1216
 1198 1197 1216 1217
 1199 1198 1217 1218
 1200 1199 1218 1219
 1201 1200 1219 1220
 1202 1201 1220 1221
 1203 1202 1221 1222
 1204 1203 1222 1223
 1205 1204 1223 1224
 1206 1205 1224 1225
 1207 1206 1225 1226
 1208 1207 1226 1227
 1210 1209 1228 1229
 1211 1210 1229 1230
 1212 1211 1230 1231
 1213 1212 1231 1232
 1214 1213 1232 1233
 1215 1214 1233 1234
 1216 1215 1234 1235
 1217 1216 1235 1236
 1218 1217 1236 1237
 1219 1218 1237 1238
 1220 1219 1238 1239
 1221 1220 1239 1240
 1222 1221 1240 1241
 1223 1222 1241 1242
 1224 1223 1242 1243
 1225 1224 1243 1244
 1226 1225 1244 1245
 1227 1226 1245 1246
 1229 1228 1247 1248
 1230 1229 1248 1249
 1231 1230 1249 1250
 1232 1231 1250 1251
 1233 1232 1251 1252
 1234 1233 1252 1253
 1235 1234 1253 1254
 1236 1235 1254 1255
 1237 1236 1255 1256
 1238 1237 1256 1257
 1239 1238 1257 1258
 1240 1239 1258 1259
 1241 1240 1259 1260
 1242 1241 1260 1261
 1243 1242 1261 1262
 1244 1243 1262 1263
 1245 1244 1263 1264
 1246 1245 1264 1265
 1248 1247 1266 1267
 1249 1248 1267 1268
 1250 1249 1268 1269
 1251 1250 1269 1270
 1252 1251 1270 1271
 1253 1252 1271 1272
 1254 1253 1272 1273
 1255 1254 1273 1274
 1256 1255 1274 1275
 1257 1256 1275 1276
 1258 1257 1276 1277
 1259 1258 1277 1278
 1260 1259 1278 1279
 1261 1260 1279 1280
 1262 1261 1280 1281
 1263 1262 1281 1282
 1264 1263 1282 1283
 1265 1264 1283 1284
 1267 1266 1285 1286
 1268 1267 1286 1287
 1269 1268 1287 1288
 1270 1269 1288 1289
 1271 1270 1289 1290
 1272 1271 1290 1291
 1273 1272 1291 1292
 1274 1273 1292 1293
 1275 1274 1293 1294
 1276 1275 1294 1295
 1277 1276 1295 1296
 1278 1277 1296 1297
 1279 1278 1297 1298
 1280 1279 1298 1299
 1281 1280 1299 1300
 1282 1281 1300 1301
 1283 1282 1301 1302
 1284 1283 1302 1303
 1286 1285 1304 1305
 1287 1286 1305 1306
 1288 1287 1306 1307
 1289 1288 1307 1308
 1290 1289 1308 1309
 1291 1290 1309 1310
 1292 1291 1310 1311
 1293 1292 1311 1312
 1294 1293 1312 1313
 1295 1294 1313 1314
 1296 1295 1314 1315
 1297 1296 1315 1316
 1298 1297 1316 1317
 1299 1298 1317 1318
 1300 1299 1318 1319
 1301 1300 1319 1320
 1302 1301 1320 1321
 1303 1302 1321 1322
 1305 1304 1323 1324
 1306 1305 1324 1325
 1307 1306 1325 1326
 1308 1307 1326 1327
 1309 1308 1327 1328
 1310 1309 1328 1329
 1311 1310 1329 1330
 1312 1311 1330 1331
 1313 1312 1331 1332
 1314 1313 1332 1333
 1315 1314 1333 1334
 1316 1315 1334 1335
 1317 1316 1335 1336
 1318 1317 1336 1337
 1319 1318 1337 1338
 1320 1319 1338 1339
 1321 1320 1339 1340
 1322 1321 1340 1341
 1324 1323 1342 1343
 1325 1324 1343 1344
 1326 1325 1344 1345
 1327 1326 1345 1346
 1328 1327 1346 1347
 1329 1328 1347 1348
 1330 1329 1348 1349
 1331 1330 1349 1350
 1332 1331 1350 1351
 1333 1332 1351 1352
 1334 1333 1352 1353
 1335 1334 1353 1354
 1336 1335 1354 1355
 1337 1336 1355 1356
 1338 1337 1356 1357
 1339 1338 1357 1358
 1340 1339 1358 1359
 1341 1340 1359 1360
 1343 1342 1361 1362
 1344 1343 1362 1363
 1345 1344 1363 1364
 1346 1345 1364 1365
 1347 1346 1365 1366
 1348 1347 1366 1367
 1349 1348 1367 1368
 1350 1349 1368 1369
 1351 1350 1369 1370
 1352 1351 1370 1371
 1353 1352 1371 1372
 1354 1353 1372 1373
 1355 1354 1373 1374
 1356 1355 1374 1375
 1357 1356 1375 1376
 1358 1357 1376 1377
 1359 1358 1377 1378
 1360 1359 1378 1379
 1362 1361 1380 1381
 1363 1362 1381 1382
 1364 1363 1382 1383
 1365 1364 1383 1384
 1366 1365 1384 1385
 1367 1366 1385 1386
 1368 1367 1386 1387
 1369 1368 1387 1388
 1370 1369 1388 1389
 1371 1370 1389 1390
 1372 1371 1390 1391
 1373 1372 1391 1392
 1374 1373 1392 1393
 1375 1374 1393 1394
 1376 1375 1394 1395
 1377 1376 1395 1396
 1378 1377 1396 1397
 1379 1378 1397 1398
 1381 1380 1399 1400
 1382 1381 1400 1401
 1383 1382 1401 1402
 1384 1383 1402 1403
 1385 1384 1403 1404
 1386 1385 1404 1405
 1387 1386 1405 1406
 1388 1387 1406 1407
 1389 1388 1407 1408
 1390 1389 1408 1409
 1391 1390 1409 1410
 1392 1391 1410 1411
 1393 1392 1411 1412
 1394 1393 1412 1413
 1395 1394 1413 1414
 1396 1395 1414 1415
 1397 1396 1415 1416
 1398 1397 1416 1417
 1400 1399 1418 1419
 1401 1400 1419 1420
 1402 1401 1420 1421
 1403 1402 1421 1422
 1404 1403 1422 1423
 1405 1404 1423 1424
 1406 1405 1424 1425
 1407 1406 1425 1426
 1408 1407 1426 1427
 1409 1408 1427 1428
 1410 1409 1428 1429
 1411 1410 1429 1430
 1412 1411 1430 1431
 1413 1412 1431 1432
 1414 1413 1432 1433
 1415 1414 1433 1434
 1416 1415 1434 1435
 1417 1416 1435 1436
 1419 1418 1437 1438
 1420 1419 1438 1439
 1421 1420 1439 1440
 1422 1421 1440 1441
 1423 1422 1441 1442
 1424 1423 1442 1443
 1425 1424 1443 1444
 1426 1425 1444 1445
 1427 1426 1445 1446
 1428 1427 1446 1447
 1429 1428 1447 1448
 1430 1429 1448 1449
 1431 1430 1449 1450
 1432 1431 1450 1451
 1433 1432 1451 1452
 1434 1433 1452 1453
 1435 1434 1453 1454
 1436 1435 1454 1455
 1438 1437 1456 1457
 1439 1438 1457 1458
 1440 1439 1458 1459
 1441 1440 1459 1460
 1442 1441 1460 1461
 1443 1442 1461 1462
 1444 1443 1462 1463
 1445 1444 1463 1464
 1446 1445 1464 1465
 1447 1446 1465 1466
 1448 1447 1466 1467
 1449 1448 1467 1468
 1450 1449 1468 1469
 1451 1450 1469 1470
 1452 1451 1470 1471
 1453 1452 1471 1472
 1454 1453 1472 1473
 1455 1454 1473 1474
 1457 1456 1475 1476
 1458 1457 1476 1477
 1459 1458 1477 1478
 1460 1459 1478 1479
 1461 1460 1479 1480
 1462 1461 1480 1481
 1463 1462 1481 1482
 1464 1463 1482 1483
 1465 1464 1483 1484
 1466 1465 1484 1485
 1467 1466 1485 1486
 1468 1467 1486 1487
 1469 1468 1487 1488
 1470 1469 1488 1489
 1471 1470 1489 1490
 1472 1471 1490 1491
 1473 1472 1491 1492
 1474 1473 1492 1493
 1476 1475 1494 1495
 1477 1476 1495 1496
 1478 1477 1496 1497
 1479 1478 1497 1498
 1480 1479 1498 1499
 1481 1480 1499 1500
 1482 1481 1500 1501
 1483 1482 1501 1502
 1484 1483 1502 1503
 1485 1484 1503 1504
 1486 1485 1504 1505
 1487 1486 1505 1506
 1488 1487 1506 1507
 1489 1488 1507 1508
 1490 1489 1508 1509
 1491 1490 1509 1510
 1492 1491 1510 1511
 1493 1492 1511 1512
 1495 1494 1513 1514
 1496 1495 1514 1515
 1497 1496 1515 1516
 1498 1497 1516 1517
 1499 1498 1517 1518
 1500 1499 1518 1519
 1501 1500 1519 1520
 1502 1501 1520 1521
 1503 1502 1521 1522
 1504 1503 1522 1523
 1505 1504 1523 1524
 1506 1505 1524 1525
 1507 1506 1525 1526
 1508 1507 1526 1527
 1509 1508 1527 1528
 1510 1509 1528 1529
 1511 1510 1529 1530
 1512 1511 1530 1531
 1514 1513 1532 1533
 1515 1514 1533 1534
 1516 1515 1534 1535
 1517 1516 1535 1536
 1518 1517 1536 1537
 1519 1518 1537 1538
 1520 1519 1538 1539
 1521 1520 1539 1540
 1522 1521 1540 1541
 1523 1522 1541 1542
 1524 1523 1542 1543
 1525 1524 1543 1544
 1526 1525 1544 1545
 1527 1526 1545 1546
 1528 1527 1546 1547
 1529 1528 1547 1548
 1530 1529 1548 1549
 1531 1530 1549 1550
 362 363 1552 1551
 363 364 1553 1552
 364 365 1554 1553
 365 366 1555 1554
 366 367 1556 1555
 367 368 1557 1556
 368 369 1558 1557
 369 370 1559 1558
 370 371 1560 1559
 371 372 1561 1560
 372 373 1562 1561
 373 374 1563 1562
 374 375 1564 1563
 375 376 1565 1564
 376 377 1566 1565
 377 378 1567 1566
 378 379 1568 1567
 379 380 1569 1568
 1551 1552 1571 1570
 1552 1553 1572 1571
 1553 1554 1573 1572
 1554 1555 1574 1573
 1555 1556 1575 1574
 1556 1557 1576 1575
 1557 1558 1577 1576
 1558 1559 1578 1577
 1559 1560 1579 1578
 1560 1561 1580 1579
 1561 1562 1581 1580
 1562 1563 1582 1581
 1563 1564 1583 1582
 1564 1565 1584 1583
 1565 1566 1585 1584
 1566 1567 1586 1585
 1567 1568 1587 1586
 1568 1569 1588 1587
 1570 1571 1590 1589
 1571 1572 1591 1590
 1572 1573 1592 1591
 1573 1574 1593 1592
 1574 1575 1594 1593
 1575 1576 1595 1594
 1576 1577 1596 1595
 1577 1578 1597 1596
 1578 1579 1598 1597
 1579 1580 1599 1598
 1580 1581 1600 1599
 1581 1582 1601 1600
 1582 1583 1602 1601
 1583 1584 1603 1602
 1584 1585 1604 1603
 1585 1586 1605 1604
 1586 1587 1606 1605
 1587 1588 1607 1606
 1589 1590 1609 1608
 1590 1591 1610 1609
 1591 1592 1611 1610
 1592 1593 1612 1611
 1593 1594 1613 1612
 1594 1595 1614 1613
 1595 1596 1615 1614
 1596 1597 1616 1615
 1597 1598 1617 1616
 1598 1599 1618 1617
 1599 1600 1619 1618
 1600 1601 1620 1619
 1601 1602 1621 1620
 1602 1603 1622 1621
 1603 1604 1623 1622
 1604 1605 1624 1623
 1605 1606 1625 1624
 1606 1607 1626 1625
 1608 1609 1628 1627
 1609 1610 1629 1628
 1610 1611 1630 1629
 1611 1612 1631 1630
 1612 1613 1632 1631
 1613 1614 1633 1632
 1614 1615 1634 1633
 1615 1616 1635 1634
 1616 1617 1636 1635
 1617 1618 1637 1636
 1618 1619 1638 1637
 1619 1620 1639 1638
 1620 1621 1640 1639
 1621 1622 1641 1640
 1622 1623 1642 1641
 1623 1624 1643 1642
 1624 1625 1644 1643
 1625 1626 1645 1644
 1627 1628 1647 1646
 1628 1629 1648 1647
 1629 1630 1649 1648
 1630 1631 1650 1649
 1631 1632 1651 1650
 1632 1633 1652 1651
 1633 1634 1653 1652
 1634 1635 1654 1653
 1635 1636 1655 1654
 1636 1637 1656 1655
 1637 1638 1657 1656
 1638 1639 1658 1657
 1639 1640 1659 1658
 1640 1641 1660 1659
 1641 1642 1661 1660
 1642 1643 1662 1661
 1643 1644 1663 1662
 1644 1645 1664 1663
 1646 1647 1666 1665
 1647 1648 1667 1666
 1648 1649 1668 1667
 1649 1650 1669 1668
 1650 1651 1670 1669
 1651 1652 1671 1670
 1652 1653 1672 1671
 1653 1654 1673 1672
 1654 1655 1674 1673
 1655 1656 1675 1674
 1656 1657 1676 1675
 1657 1658 1677 1676
 1658 1659 1678 1677
 1659 1660 1679 1678
 1660 1661 1680 1679
 1661 1662 1681 1680
 1662 1663 1682 1681
 1663 1664 1683 1682
 1665 1666 1685 1684
 1666 1667 1686 1685
 1667 1668 1687 1686
 1668 1669 1688 1687
 1669 1670 1689 1688
 1670 1671 1690 1689
 1671 1672 1691 1690
 1672 1673 1692 1691
 1673 1674 1693 1692
 1674 1675 1694 1693
 1675 1676 1695 1694
 1676 1677 1696 1695
 1677 1678 1697 1696
 1678 1679 1698 1697
 1679 1680 1699 1698
 1680 1681 1700 1699
 1681 1682 1701 1700
 1682 1683 1702 1701
 1684 1685 1704 1703
 1685 1686 1705 1704
 1686 1687 1706 1705
 1687 1688 1707 1706
 1688 1689 1708 1707
 1689 1690 1709 1708
 1690 1691 1710 1709
 1691 1692 1711 1710
 1692 1693 1712 1711
 1693 1694 1713 1712
 1694 1695 1714 1713
 1695 1696 1715 1714
 1696 1697 1716 1715
 1697 1698 1717 1716
 1698 1699 1718 1717
 1699 1700 1719 1718
 1700 1701 1720 1719
 1701 1702 1721 1720
 1703 1704 1723 1722
 1704 1705 1724 1723
 1705 1706 1725 1724
 1706 1707 1726 1725
 1707 1708 1727 1726
 1708 1709 1728 1727
 1709 1710 1729 1728
 1710 1711 1730 1729
 1711 1712 1731 1730
 1712 1713 1732 1731
 1713 1714 1733 1732
 1714 1715 1734 1733
 1715 1716 1735 1734
 1716 1717 1736 1735
 1717 1718 1737 1736
 1718 1719 1738 1737
 1719 1720 1739 1738
 1720 1721 1740 1739
 1722 1723 1742 1741
 1723 1724 1743 1742
 1724 1725 1744 1743
 1725 1726 1745 1744
 1726 1727 1746 1745
 1727 1728 1747 1746
 1728 1729 1748 1747
 1729 1730 1749 1748
 1730 1731 1750 1749
 1731 1732 1751 1750
 1732 1733 1752 1751
 1733 1734 1753 1752
 1734 1735 1754 1753
 1735 1736 1755 1754
 1736 1737 1756 1755
 1737 1738 1757 1756
 1738 1739 1758 1757
 1739 1740 1759 1758
 1741 1742 1761 1760
 1742 1743 1762 1761
 1743 1744 1763 1762
 1744 1745 1764 1763
 1745 1746 1765 1764
 1746 1747 1766 1765
 1747 1748 1767 1766
 1748 1749 1768 1767
 1749 1750 1769 1768
 1750 1751 1770 1769
 1751 1752 1771 1770
 1752 1753 1772 1771
 1753 1754 1773 1772
 1754 1755 1774 1773
 1755 1756 1775 1774
 1756 1757 1776 1775
 1757 1758 1777 1776
 1758 1759 1778 1777
 1760 1761 1780 1779
 1761 1762 1781 1780
 1762 1763 1782 1781
 1763 1764 1783 1782
 1764 1765 1784 1783
 1765 1766 1785 1784
 1766 1767 1786 1785
 1767 1768 1787 1786
 1768 1769 1788 1787
 1769 1770 1789 1788
 1770 1771 1790 1789
 1771 1772 1791 1790
 1772 1773 1792 1791
 1773 1774 1793 1792
 1774 1775 1794 1793
 1775 1776 1795 1794
 1776 1777 1796 1795
 1777 1778 1797 1796
 1779 1780 1799 1798
 1780 1781 1800 1799
 1781 1782 1801 1800
 1782 1783 1802 1801
 1783 1784 1803 1802
 1784 1785 1804 1803
 1785 1786 1805 1804
 1786 1787 1806 1805
 1787 1788 1807 1806
 1788 1789 1808 1807
 1789 1790 1809 1808
 1790 1791 1810 1809
 1791 1792 1811 1810
 1792 1793 1812 1811
 1793 1794 1813 1812
 1794 1795 1814 1813
 1795 1796 1815 1814
 1796 1797 1816 1815
 1798 1799 1818 1817
 1799 1800 1819 1818
 1800 1801 1820 1819
 1801 1802 1821 1820
 1802 1803 1822 1821
 1803 1804 1823 1822
 1804 1805 1824 1823
 1805 1806 1825 1824
 1806 1807 1826 1825
 1807 1808 1827 1826
 1808 1809 1828 1827
 1809 1810 1829 1828
 1810 1811 1830 1829
 1811 1812 1831 1830
 1812 1813 1832 1831
 1813 1814 1833 1832
 1814 1815 1834 1833
 1815 1816 1835 1834
 1817 1818 1837 1836
 1818 1819 1838 1837
 1819 1820 1839 1838
 1820 1821 1840 1839
 1821 1822 1841 1840
 1822 1823 1842 1841
 1823 1824 1843 1842
 1824 1825 1844 1843
 1825 1826 1845 1844
 1826 1827 1846 1845
 1827 1828 1847 1846
 1828 1829 1848 1847
 1829 1830 1849 1848
 1830 1831 1850 1849
 1831 1832 1851 1850
 1832 1833 1852 1851
 1833 1834 1853 1852
 1834 1835 1854 1853
 1836 1837 1856 1855
 1837 1838 1857 1856
 1838 1839 1858 1857
 1839 1840 1859 1858
 1840 1841 1860 1859
 1841 1842 1861 1860
 1842 1843 1862 1861
 1843 1844 1863 1862
 1844 1845 1864 1863
 1845 1846 1865 1864
 1846 1847 1866 1865
 1847 1848 1867 1866
 1848 1849 1868 1867
 1849 1850 1869 1868
 1850 1851 1870 1869
 1851 1852 1871 1870
 1852 1853 1872 1871
 1853 1854 1873 1872
 362 1551 1875 1874
 1874 1875 1877 1876
 1876 1877 1879 1878
 1878 1879 1881 1880
 1880 1881 1883 1882
 1882 1883 1885 1884
 1884 1885 1887 1886
 1886 1887 1889 1888
 1888 1889 1890 1532
 1551 1570 1891 1875
 1877 1875 1891 1892
 1879 1877 1892 1893
 1881 1879 1893 1894
 1883 1881 1894 1895
 1885 1883 1895 1896
 1887 1885 1896 1897
 1889 1887 1897 1898
 1890 1889 1898 1899
 1570 1589 1900 1891
 1892 1891 1900 1901
 1893 1892 1901 1902
 1894 1893 1902 1903
 1895 1894 1903 1904
 1896 1895 1904 1905
 1897 1896 1905 1906
 1898 1897 1906 1907
 1899 1898 1907 1908
 1589 1608 1909 1900
 1901 1900 1909 1910
 1902 1901 1910 1911
 1903 1902 1911 1912
 1904 1903 1912 1913
 1905 1904 1913 1914
 1906 1905 1914 1915
 1907 1906 1915 1916
 1908 1907 1916 1917
 1608 1627 1918 1909
 1910 1909 1918 1919
 1911 1910 1919 1920
 1912 1911 1920 1921
 1913 1912 1921 1922
 1914 1913 1922 1923
 1915 1914 1923 1924
 1916 1915 1924 1925
 1917 1916 1925 1926
 1627 1646 1927 1918
 1919 1918 1927 1928
 1920 1919 1928 1929
 1921 1920 1929 1930
 1922 1921 1930 1931
 1923 1922 1931 1932
 1924 1923 1932 1933
 1925 1924 1933 1934
 1926 1925 1934 1935
 1646 1665 1936 1927
 1928 1927 1936 1937
 1929 1928 1937 1938
 1930 1929 1938 1939
 1931 1930 1939 1940
 1932 1931 1940 1941
 1933 1932 1941 1942
 1934 1933 1942 1943
 1935 1934 1943 1944
 1665 1684 1945 1936
 1937 1936 1945 1946
 1938 1937 1946 1947
 1939 1938 1947 1948
 1940 1939 1948 1949
 1941 1940 1949 1950
 1942 1941 1950 1951
 1943 1942 1951 1952
 1944 1943 1952 1953
 1684 1703 1954 1945
 1946 1945 1954 1955
 1947 1946 1955 1956
 1948 1947 1956 1957
 1949 1948 1957 1958
 1950 1949 1958 1959
 1951 1950 1959 1960
 1952 1951 1960 1961
 1953 1952 1961 1962
 1703 1722 1963 1954
 1955 1954 1963 1964
 1956 1955 1964 1965
 1957 1956 1965 1966
 1958 1957 1966 1967
 1959 1958 1967 1968
 1960 1959 1968 1969
 1961 1960 1969 1970
 1962 1961 1970 1971
 1722 1741 1972 1963
 1964 1963 1972 1973
 1965 1964 1973 1974
 1966 1965 1974 1975
 1967 1966 1975 1976
 1968 1967 1976 1977
 1969 1968 1977 1978
 1970 1969 1978 1979
 1971 1970 1979 1980
 1741 1760 1981 1972
 1973 1972 1981 1982
 1974 1973 1982 1983
 1975 1974 1983 1984
 1976 1975 1984 1985
 1977 1976 1985 1986
 1978 1977 1986 1987
 1979 1978 1987 1988
 1980 1979 1988 1989
 1760 1779 1990 1981
 1982 1981 1990 1991
 1983 1982 1991 1992
 1984 1983 1992 1993
 1985 1984 1993 1994
 1986 1985 1994 1995
 1987 1986 1995 1996
 1988 1987 1996 1997
 1989 1988 1997 1998
 1779 1798 1999 1990
 1991 1990 1999 2000
 1992 1991 2000 2001
 1993 1992 2001 2002
 1994 1993 2002 2003
 1995 1994 2003 2004
 1996 1995 2004 2005
 1997 1996 2005 2006
 1998 1997 2006 2007
 1798 1817 2008 1999
 2000 1999 2008 2009
 2001 2000 2009 2010
 2002 2001 2010 2011
 2003 2002 2011 2012
 2004 2003 2012 2013
 2005 2004 2013 2014
 2006 2005 2014 2015
 2007 2006 2015 2016
 1817 1836 2017 2008
 2009 2008 2017 2018
 2010 2009 2018 2019
 2011 2010 2019 2020
 2012 2011 2020 2021
 2013 2012 2021 2022
 2014 2013 2022 2023
 2015 2014 2023 2024
 2016 2015 2024 2025
 1836 1855 2026 2017
 2018 2017 2026 2027
 2019 2018 2027 2028
 2020 2019 2028 2029
 2021 2020 2029 2030
 2022 2021 2030 2031
 2023 2022 2031 2032
 2024 2023 2032 2033
 2025 2024 2033 2034
 1533 1532 1890 2035
 1534 1533 2035 2036
 1535 1534 2036 2037
 1536 1535 2037 2038
 1537 1536 2038 2039
 1538 1537 2039 2040
 1539 1538 2040 2041
 1540 1539 2041 2042
 1541 1540 2042 2043
 1542 1541 2043 2044
 1543 1542 2044 2045
 1544 1543 2045 2046
 1545 1544 2046 2047
 1546 1545 2047 2048
 1547 1546 2048 2049
 1548 1547 2049 2050
 1549 1548 2050 2051
 1550 1549 2051 2052
 1890 1899 2053 2035
 2036 2035 2053 2054
 2037 2036 2054 2055
 2038 2037 2055 2056
 2039 2038 2056 2057
 2040 2039 2057 2058
 2041 2040 2058 2059
 2042 2041 2059 2060
 2043 2042 2060 2061
 2044 2043 2061 2062
 2045 2044 2062 2063
 2046 2045 2063 2064
 2047 2046 2064 2065
 2048 2047 2065 2066
 2049 2048 2066 2067
 2050 2049 2067 2068
 2051 2050 2068 2069
 2052 2051 2069 2070
 1899 1908 2071 2053
 2054 2053 2071 2072
 2055 2054 2072 2073
 2056 2055 2073 2074
 2057 2056 2074 2075
 2058 2057 2075 2076
 2059 2058 2076 2077
 2060 2059 2077 2078
 2061 2060 2078 2079
 2062 2061 2079 2080
 2063 2062 2080 2081
 2064 2063 2081 2082
 2065 2064 2082 2083
 2066 2065 2083 2084
 2067 2066 2084 2085
 2068 2067 2085 2086
 2069 2068 2086 2087
 2070 2069 2087 2088
 1908 1917 2089 2071
 2072 2071 2089 2090
 2073 2072 2090 2091
 2074 2073 2091 2092
 2075 2074 2092 2093
 2076 2075 2093 2094
 2077 2076 2094 2095
 2078 2077 2095 2096
 2079 2078 2096 2097
 2080 2079 2097 2098
 2081 2080 2098 2099
 2082 2081 2099 2100
 2083 2082 2100 2101
 2084 2083 2101 2102
 2085 2084 2102 2103
 2086 2085 2103 2104
 2087 2086 2104 2105
 2088 2087 2105 2106
 1917 1926 2107 2089
 2090 2089 2107 2108
 2091 2090 2108 2109
 2092 2091 2109 2110
 2093 2092 2110 2111
 2094 2093 2111 2112
 2095 2094 2112 2113
 2096 2095 2113 2114
 2097 2096 2114 2115
 2098 2097 2115 2116
 2099 2098 2116 2117
 2100 2099 2117 2118
 2101 2100 2118 2119
 2102 2101 2119 2120
 2103 2102 2120 2121
 2104 2103 2121 2122
 2105 2104 2122 2123
 2106 2105 2123 2124
 1926 1935 2125 2107
 2108 2107 2125 2126
 2109 2108 2126 2127
 2110 2109 2127 2128
 2111 2110 2128 2129
 2112 2111 2129 2130
 2113 2112 2130 2131
 2114 2113 2131 2132
 2115 2114 2132 2133
 2116 2115 2133 2134
 2117 2116 2134 2135
 2118 2117 2135 2136
 2119 2118 2136 2137
 2120 2119 2137 2138
 2121 2120 2138 2139
 2122 2121 2139 2140
 2123 2122 2140 2141
 2124 2123 2141 2142
 1935 1944 2143 2125
 2126 2125 2143 2144
 2127 2126 2144 2145
 2128 2127 2145 2146
 2129 2128 2146 2147
 2130 2129 2147 2148
 2131 2130 2148 2149
 2132 2131 2149 2150
 2133 2132 2150 2151
 2134 2133 2151 2152
 2135 2134 2152 2153
 2136 2135 2153 2154
 2137 2136 2154 2155
 2138 2137 2155 2156
 2139 2138 2156 2157
 2140 2139 2157 2158
 2141 2140 2158 2159
 2142 2141 2159 2160
 1944 1953 2161 2143
 2144 2143 2161 2162
 2145 2144 2162 2163
 2146 2145 2163 2164
 2147 2146 2164 2165
 2148 2147 2165 2166
 2149 2148 2166 2167
 2150 2149 2167 2168
 2151 2150 2168 2169
 2152 2151 2169 2170
 2153 2152 2170 2171
 2154 2153 2171 2172
 2155 2154 2172 2173
 2156 2155 2173 2174
 2157 2156 2174 2175
 2158 2157 2175 2176
 2159 2158 2176 2177
 2160 2159 2177 2178
 1953 1962 2179 2161
 2162 2161 2179 2180
 2163 2162 2180 2181
 2164 2163 2181 2182
 2165 2164 2182 2183
 2166 2165 2183 2184
 2167 2166 2184 2185
 2168 2167 2185 2186
 2169 2168 2186 2187
 2170 2169 2187 2188
 2171 2170 2188 2189
 2172 2171 2189 2190
 2173 2172 2190 2191
 2174 2173 2191 2192
 2175 2174 2192 2193
 2176 2175 2193 2194
 2177 2176 2194 2195
 2178 2177 2195 2196
 1962 1971 2197 2179
 2180 2179 2197 2198
 2181 2180 2198 2199
 2182 2181 2199 2200
 2183 2182 2200 2201
 2184 2183 2201 2202
 2185 2184 2202 2203
 2186 2185 2203 2204
 2187 2186 2204 2205
 2188 2187 2205 2206
 2189 2188 2206 2207
 2190 2189 2207 2208
 2191 2190 2208 2209
 2192 2191 2209 2210
 2193 2192 2210 2211
 2194 2193 2211 2212
 2195 2194 2212 2213
 2196 2195 2213 2214
 1971 1980 2215 2197
 2198 2197 2215 2216
 2199 2198 2216 2217
 2200 2199 2217 2218
 2201 2200 2218 2219
 2202 2201 2219 2220
 2203 2202 2220 2221
 2204 2203 2221 2222
 2205 2204 2222 2223
 2206 2205 2223 2224
 2207 2206 2224 2225
 2208 2207 2225 2226
 2209 2208 2226 2227
 2210 2209 2227 2228
 2211 2210 2228 2229
 2212 2211 2229 2230
 2213 2212 2230 2231
 2214 2213 2231 2232
 1980 1989 2233 2215
 2216 2215 2233 2234
 2217 2216 2234 2235
 2218 2217 2235 2236
 2219 2218 2236 2237
 2220 2219 2237 2238
 2221 2220 2238 2239
 2222 2221 2239 2240
 2223 2222 2240 2241
 2224 2223 2241 2242
 2225 2224 2242 2243
 2226 2225 2243 2244
 2227 2226 2244 2245
 2228 2227 2245 2246
 2229 2228 2246 2247
 2230 2229 2247 2248
 2231 2230 2248 2249
 2232 2231 2249 2250
 1989 1998 2251 2233
 2234 2233 2251 2252
 2235 2234 2252 2253
 2236 2235 2253 2254
 2237 2236 2254 2255
 2238 2237 2255 2256
 2239 2238 2256 2257
 2240 2239 2257 2258
 2241 2240 2258 2259
 2242 2241 2259 2260
 2243 2242 2260 2261
 2244 2243 2261 2262
 2245 2244 2262 2263
 2246 2245 2263 2264
 2247 2246 2264 2265
 2248 2247 2265 2266
 2249 2248 2266 2267
 2250 2249 2267 2268
 1998 2007 2269 2251
 2252 2251 2269 2270
 2253 2252 2270 2271
 2254 2253 2271 2272
 2255 2254 2272 2273
 2256 2255 2273 2274
 2257 2256 2274 2275
 2258 2257 2275 2276
 2259 2258 2276 2277
 2260 2259 2277 2278
 2261 2260 2278 2279
 2262 2261 2279 2280
 2263 2262 2280 2281
 2264 2263 2281 2282
 2265 2264 2282 2283
 2266 2265 2283 2284
 2267 2266 2284 2285
 2268 2267 2285 2286
 2007 2016 2287 2269
 2270 2269 2287 2288
 2271 2270 2288 2289
 2272 2271 2289 2290
 2273 2272 2290 2291
 2274 2273 2291 2292
 2275 2274 2292 2293
 2276 2275 2293 2294
 2277 2276 2294 2295
 2278 2277 2295 2296
 2279 2278 2296 2297
 2280 2279 2297 2298
 2281 2280 2298 2299
 2282 2281 2299 2300
 2283 2282 2300 2301
 2284 2283 2301 2302
 2285 2284 2302 2303
 2286 2285 2303 2304
 2016 2025 2305 2287
 2288 2287 2305 2306
 2289 2288 2306 2307
 2290 2289 2307 2308
 2291 2290 2308 2309
 2292 2291 2309 2310
 2293 2292 2310 2311
 2294 2293 2311 2312
 2295 2294 2312 2313
 2296 2295 2313 2314
 2297 2296 2314 2315
 2298 2297 2315 2316
 2299 2298 2316 2317
 2300 2299 2317 2318
 2301 2300 2318 2319
 2302 2301 2319 2320
 2303 2302 2320 2321
 2304 2303 2321 2322
 2025 2034 2323 2305
 2306 2305 2323 2324
 2307 2306 2324 2325
 2308 2307 2325 2326
 2309 2308 2326 2327
 2310 2309 2327 2328
 2311 2310 2328 2329
 2312 2311 2329 2330
 2313 2312 2330 2331
 2314 2313 2331 2332
 2315 2314 2332 2333
 2316 2315 2333 2334
 2317 2316 2334 2335
 2318 2317 2335 2336
 2319 2318 2336 2337
 2320 2319 2337 2338
 2321 2320 2338 2339
 2322 2321 2339 2340
