 1.88044e+50 -9.87764e+06 2.46941e+06 0 0 -2.50627e+10 0 0 0 0 6.26566e+09 0 0 0 0 0 0 0 0 0 0 0 0 0 0 0 0 0 0 0 0 0 0 0 0 0 4.8651e+08 -6.26566e+07 0 0 2.50627e+08 -7.37137e+08 0 0 0 -1.21628e+08 0 1.84284e+08 0 0 0 0 0 0 0 0 0 0 0 0 0 0 0 0 0 0 0 0 0 0
 -9.87764e+06 5.01451e+50 -9.87764e+06 0 0 0 -5.01253e+10 0 0 0 0 0 0 0 0 0 0 0 0 0 0 0 0 0 0 0 0 0 0 0 0 0 0 0 0 2.50627e+08 -7.37137e+08 4.8651e+08 0 0 0 7.37137e+08 -7.37137e+08 0 0 0 0 0 0 0 0 0 0 0 0 0 0 0 0 0 0 0 0 0 0 0 0 0 0 0
 2.46941e+06 -9.87764e+06 3.76088e+50 -9.87764e+06 2.46941e+06 0 0 -5.01253e+10 0 0 0 0 1.25313e+10 0 0 0 0 0 0 0 0 0 0 0 0 0 0 0 0 0 0 0 0 0 0 -1.21628e+08 2.50627e+08 -5.52853e+08 4.8651e+08 -6.26566e+07 0 0 7.37137e+08 -7.37137e+08 0 0 0 -1.84284e+08 0 1.84284e+08 0 0 0 0 0 0 0 0 0 0 0 0 0 0 0 0 0 0 0 0
 0 0 -9.87764e+06 5.01451e+50 -9.87764e+06 0 0 0 -5.01253e+10 0 0 0 0 0 0 0 0 0 0 0 0 0 0 0 0 0 0 0 0 0 0 0 0 0 0 0 0 2.50627e+08 -7.37137e+08 4.8651e+08 0 0 0 7.37137e+08 -7.37137e+08 0 0 0 0 0 0 0 0 0 0 0 0 0 0 0 0 0 0 0 0 0 0 0 0 0
 0 0 2.46941e+06 -9.87764e+06 1.88044e+50 0 0 0 0 -2.50627e+10 0 0 0 0 6.26566e+09 0 0 0 0 0 0 0 0 0 0 0 0 0 0 0 0 0 0 0 0 0 0 -1.21628e+08 2.50627e+08 -5.52853e+08 0 0 0 0 4.8651e+08 0 0 0 0 -6.26566e+07 0 0 0 0 0 0 0 0 0 0 0 0 0 0 0 0 0 0 0 0
 -2.50627e+10 0 0 0 0 5.01451e+50 -1.97553e+07 0 0 0 -2.50627e+10 0 0 0 0 0 0 0 0 0 0 0 0 0 0 0 0 0 0 0 0 0 0 0 0 4.8651e+08 0 0 0 0 -7.37137e+08 7.37137e+08 0 0 0 2.50627e+08 -7.37137e+08 0 0 0 0 0 0 0 0 0 0 0 0 0 0 0 0 0 0 0 0 0 0 0
 0 -5.01253e+10 0 0 0 -1.97553e+07 1.0029e+11 -1.97553e+07 0 0 0 -5.01253e+10 0 0 0 0 0 0 0 0 0 0 0 0 0 0 0 0 0 0 0 0 0 0 0 -7.37137e+08 7.37137e+08 0 0 0 7.37137e+08 -1.47427e+09 7.37137e+08 0 0 0 7.37137e+08 -7.37137e+08 0 0 0 0 0 0 0 0 0 0 0 0 0 0 0 0 0 0 0 0 0 0
 0 0 -5.01253e+10 0 0 0 -1.97553e+07 1.0029e+11 -1.97553e+07 0 0 0 -5.01253e+10 0 0 0 0 0 0 0 0 0 0 0 0 0 0 0 0 0 0 0 0 0 0 0 -7.37137e+08 7.37137e+08 0 0 0 7.37137e+08 -1.47427e+09 7.37137e+08 0 0 0 7.37137e+08 -7.37137e+08 0 0 0 0 0 0 0 0 0 0 0 0 0 0 0 0 0 0 0 0 0
 0 0 0 -5.01253e+10 0 0 0 -1.97553e+07 1.0029e+11 -1.97553e+07 0 0 0 -5.01253e+10 0 0 0 0 0 0 0 0 0 0 0 0 0 0 0 0 0 0 0 0 0 0 0 -7.37137e+08 7.37137e+08 0 0 0 7.37137e+08 -1.47427e+09 7.37137e+08 0 0 0 7.37137e+08 -7.37137e+08 0 0 0 0 0 0 0 0 0 0 0 0 0 0 0 0 0 0 0 0
 0 0 0 0 -2.50627e+10 0 0 0 -1.97553e+07 5.01451e+50 0 0 0 0 -2.50627e+10 0 0 0 0 0 0 0 0 0 0 0 0 0 0 0 0 0 0 0 0 0 0 0 -7.37137e+08 2.50627e+08 0 0 0 7.37137e+08 -7.37137e+08 0 0 0 0 4.8651e+08 0 0 0 0 0 0 0 0 0 0 0 0 0 0 0 0 0 0 0 0
 6.26566e+09 0 0 0 0 -2.50627e+10 0 0 0 0 3.76088e+50 -1.97553e+07 4.93882e+06 0 0 -2.50627e+10 0 0 0 0 6.26566e+09 0 0 0 0 0 0 0 0 0 0 0 0 0 0 -6.26566e+07 0 0 0 0 4.8651e+08 0 0 0 0 -5.52853e+08 7.37137e+08 -1.84284e+08 0 0 2.50627e+08 -7.37137e+08 0 0 0 -1.21628e+08 0 1.84284e+08 0 0 0 0 0 0 0 0 0 0 0 0
 0 0 0 0 0 0 -5.01253e+10 0 0 0 -1.97553e+07 1.0029e+11 -1.97553e+07 0 0 0 -5.01253e+10 0 0 0 0 0 0 0 0 0 0 0 0 0 0 0 0 0 0 0 0 0 0 0 -7.37137e+08 7.37137e+08 0 0 0 7.37137e+08 -1.47427e+09 7.37137e+08 0 0 0 7.37137e+08 -7.37137e+08 0 0 0 0 0 0 0 0 0 0 0 0 0 0 0 0 0
 0 0 1.25313e+10 0 0 0 0 -5.01253e+10 0 0 4.93882e+06 -1.97553e+07 7.52176e+50 -1.97553e+07 4.93882e+06 0 0 -5.01253e+10 0 0 0 0 1.25313e+10 0 0 0 0 0 0 0 0 0 0 0 0 1.84284e+08 0 -1.84284e+08 0 0 0 -7.37137e+08 7.37137e+08 0 0 -1.84284e+08 7.37137e+08 -1.10571e+09 7.37137e+08 -1.84284e+08 0 0 7.37137e+08 -7.37137e+08 0 0 0 -1.84284e+08 0 1.84284e+08 0 0 0 0 0 0 0 0 0 0
 0 0 0 0 0 0 0 0 -5.01253e+10 0 0 0 -1.97553e+07 1.0029e+11 -1.97553e+07 0 0 0 -5.01253e+10 0 0 0 0 0 0 0 0 0 0 0 0 0 0 0 0 0 0 0 0 0 0 0 -7.37137e+08 7.37137e+08 0 0 0 7.37137e+08 -1.47427e+09 7.37137e+08 0 0 0 7.37137e+08 -7.37137e+08 0 0 0 0 0 0 0 0 0 0 0 0 0 0 0
 0 0 0 0 6.26566e+09 0 0 0 0 -2.50627e+10 0 0 4.93882e+06 -1.97553e+07 3.76088e+50 0 0 0 0 -2.50627e+10 0 0 0 0 6.26566e+09 0 0 0 0 0 0 0 0 0 0 0 0 1.84284e+08 0 -1.21628e+08 0 0 0 -7.37137e+08 2.50627e+08 0 0 -1.84284e+08 7.37137e+08 -5.52853e+08 0 0 0 0 4.8651e+08 0 0 0 0 -6.26566e+07 0 0 0 0 0 0 0 0 0 0
 0 0 0 0 0 0 0 0 0 0 -2.50627e+10 0 0 0 0 5.01451e+50 -1.97553e+07 0 0 0 -2.50627e+10 0 0 0 0 0 0 0 0 0 0 0 0 0 0 0 0 0 0 0 0 0 0 0 0 4.8651e+08 0 0 0 0 -7.37137e+08 7.37137e+08 0 0 0 2.50627e+08 -7.37137e+08 0 0 0 0 0 0 0 0 0 0 0 0 0
 0 0 0 0 0 0 0 0 0 0 0 -5.01253e+10 0 0 0 -1.97553e+07 1.0029e+11 -1.97553e+07 0 0 0 -5.01253e+10 0 0 0 0 0 0 0 0 0 0 0 0 0 0 0 0 0 0 0 0 0 0 0 -7.37137e+08 7.37137e+08 0 0 0 7.37137e+08 -1.47427e+09 7.37137e+08 0 0 0 7.37137e+08 -7.37137e+08 0 0 0 0 0 0 0 0 0 0 0 0
 0 0 0 0 0 0 0 0 0 0 0 0 -5.01253e+10 0 0 0 -1.97553e+07 1.0029e+11 -1.97553e+07 0 0 0 -5.01253e+10 0 0 0 0 0 0 0 0 0 0 0 0 0 0 0 0 0 0 0 0 0 0 0 -7.37137e+08 7.37137e+08 0 0 0 7.37137e+08 -1.47427e+09 7.37137e+08 0 0 0 7.37137e+08 -7.37137e+08 0 0 0 0 0 0 0 0 0 0 0
 0 0 0 0 0 0 0 0 0 0 0 0 0 -5.01253e+10 0 0 0 -1.97553e+07 1.0029e+11 -1.97553e+07 0 0 0 -5.01253e+10 0 0 0 0 0 0 0 0 0 0 0 0 0 0 0 0 0 0 0 0 0 0 0 -7.37137e+08 7.37137e+08 0 0 0 7.37137e+08 -1.47427e+09 7.37137e+08 0 0 0 7.37137e+08 -7.37137e+08 0 0 0 0 0 0 0 0 0 0
 0 0 0 0 0 0 0 0 0 0 0 0 0 0 -2.50627e+10 0 0 0 -1.97553e+07 5.01451e+50 0 0 0 0 -2.50627e+10 0 0 0 0 0 0 0 0 0 0 0 0 0 0 0 0 0 0 0 0 0 0 0 -7.37137e+08 2.50627e+08 0 0 0 7.37137e+08 -7.37137e+08 0 0 0 0 4.8651e+08 0 0 0 0 0 0 0 0 0 0
 0 0 0 0 0 0 0 0 0 0 6.26566e+09 0 0 0 0 -2.50627e+10 0 0 0 0 3.76088e+50 -1.97553e+07 4.93882e+06 0 0 -2.50627e+10 0 0 0 0 6.26566e+09 0 0 0 0 0 0 0 0 0 0 0 0 0 0 -6.26566e+07 0 0 0 0 4.8651e+08 0 0 0 0 -5.52853e+08 7.37137e+08 -1.84284e+08 0 0 2.50627e+08 -7.37137e+08 0 0 0 -1.21628e+08 0 1.84284e+08 0 0
 0 0 0 0 0 0 0 0 0 0 0 0 0 0 0 0 -5.01253e+10 0 0 0 -1.97553e+07 1.0029e+11 -1.97553e+07 0 0 0 -5.01253e+10 0 0 0 0 0 0 0 0 0 0 0 0 0 0 0 0 0 0 0 0 0 0 0 -7.37137e+08 7.37137e+08 0 0 0 7.37137e+08 -1.47427e+09 7.37137e+08 0 0 0 7.37137e+08 -7.37137e+08 0 0 0 0 0 0 0
 0 0 0 0 0 0 0 0 0 0 0 0 1.25313e+10 0 0 0 0 -5.01253e+10 0 0 4.93882e+06 -1.97553e+07 7.52176e+50 -1.97553e+07 4.93882e+06 0 0 -5.01253e+10 0 0 0 0 1.25313e+10 0 0 0 0 0 0 0 0 0 0 0 0 1.84284e+08 0 -1.84284e+08 0 0 0 -7.37137e+08 7.37137e+08 0 0 -1.84284e+08 7.37137e+08 -1.10571e+09 7.37137e+08 -1.84284e+08 0 0 7.37137e+08 -7.37137e+08 0 0 0 -1.84284e+08 0 1.84284e+08
 0 0 0 0 0 0 0 0 0 0 0 0 0 0 0 0 0 0 -5.01253e+10 0 0 0 -1.97553e+07 1.0029e+11 -1.97553e+07 0 0 0 -5.01253e+10 0 0 0 0 0 0 0 0 0 0 0 0 0 0 0 0 0 0 0 0 0 0 0 -7.37137e+08 7.37137e+08 0 0 0 7.37137e+08 -1.47427e+09 7.37137e+08 0 0 0 7.37137e+08 -7.37137e+08 0 0 0 0 0
 0 0 0 0 0 0 0 0 0 0 0 0 0 0 6.26566e+09 0 0 0 0 -2.50627e+10 0 0 4.93882e+06 -1.97553e+07 3.76088e+50 0 0 0 0 -2.50627e+10 0 0 0 0 6.26566e+09 0 0 0 0 0 0 0 0 0 0 0 0 1.84284e+08 0 -1.21628e+08 0 0 0 -7.37137e+08 2.50627e+08 0 0 -1.84284e+08 7.37137e+08 -5.52853e+08 0 0 0 0 4.8651e+08 0 0 0 0 -6.26566e+07
 0 0 0 0 0 0 0 0 0 0 0 0 0 0 0 0 0 0 0 0 -2.50627e+10 0 0 0 0 5.01451e+50 -1.97553e+07 0 0 0 -2.50627e+10 0 0 0 0 0 0 0 0 0 0 0 0 0 0 0 0 0 0 0 0 0 0 0 0 4.8651e+08 0 0 0 0 -7.37137e+08 7.37137e+08 0 0 0 2.50627e+08 -7.37137e+08 0 0 0
 0 0 0 0 0 0 0 0 0 0 0 0 0 0 0 0 0 0 0 0 0 -5.01253e+10 0 0 0 -1.97553e+07 1.0029e+11 -1.97553e+07 0 0 0 -5.01253e+10 0 0 0 0 0 0 0 0 0 0 0 0 0 0 0 0 0 0 0 0 0 0 0 -7.37137e+08 7.37137e+08 0 0 0 7.37137e+08 -1.47427e+09 7.37137e+08 0 0 0 7.37137e+08 -7.37137e+08 0 0
 0 0 0 0 0 0 0 0 0 0 0 0 0 0 0 0 0 0 0 0 0 0 -5.01253e+10 0 0 0 -1.97553e+07 1.0029e+11 -1.97553e+07 0 0 0 -5.01253e+10 0 0 0 0 0 0 0 0 0 0 0 0 0 0 0 0 0 0 0 0 0 0 0 -7.37137e+08 7.37137e+08 0 0 0 7.37137e+08 -1.47427e+09 7.37137e+08 0 0 0 7.37137e+08 -7.37137e+08 0
 0 0 0 0 0 0 0 0 0 0 0 0 0 0 0 0 0 0 0 0 0 0 0 -5.01253e+10 0 0 0 -1.97553e+07 1.0029e+11 -1.97553e+07 0 0 0 -5.01253e+10 0 0 0 0 0 0 0 0 0 0 0 0 0 0 0 0 0 0 0 0 0 0 0 -7.37137e+08 7.37137e+08 0 0 0 7.37137e+08 -1.47427e+09 7.37137e+08 0 0 0 7.37137e+08 -7.37137e+08
 0 0 0 0 0 0 0 0 0 0 0 0 0 0 0 0 0 0 0 0 0 0 0 0 -2.50627e+10 0 0 0 -1.97553e+07 5.01451e+50 0 0 0 0 -2.50627e+10 0 0 0 0 0 0 0 0 0 0 0 0 0 0 0 0 0 0 0 0 0 0 0 -7.37137e+08 2.50627e+08 0 0 0 7.37137e+08 -7.37137e+08 0 0 0 0 4.8651e+08
 0 0 0 0 0 0 0 0 0 0 0 0 0 0 0 0 0 0 0 0 6.26566e+09 0 0 0 0 -2.50627e+10 0 0 0 0 1.88044e+50 -9.87764e+06 2.46941e+06 0 0 0 0 0 0 0 0 0 0 0 0 0 0 0 0 0 0 0 0 0 0 -6.26566e+07 0 0 0 0 4.8651e+08 0 0 0 0 -5.52853e+08 2.50627e+08 -1.21628e+08 0 0
 0 0 0 0 0 0 0 0 0 0 0 0 0 0 0 0 0 0 0 0 0 0 0 0 0 0 -5.01253e+10 0 0 0 -9.87764e+06 5.01451e+50 -9.87764e+06 0 0 0 0 0 0 0 0 0 0 0 0 0 0 0 0 0 0 0 0 0 0 0 0 0 0 0 -7.37137e+08 7.37137e+08 0 0 0 4.8651e+08 -7.37137e+08 2.50627e+08 0 0
 0 0 0 0 0 0 0 0 0 0 0 0 0 0 0 0 0 0 0 0 0 0 1.25313e+10 0 0 0 0 -5.01253e+10 0 0 2.46941e+06 -9.87764e+06 3.76088e+50 -9.87764e+06 2.46941e+06 0 0 0 0 0 0 0 0 0 0 0 0 0 0 0 0 0 0 0 0 1.84284e+08 0 -1.84284e+08 0 0 0 -7.37137e+08 7.37137e+08 0 0 -6.26566e+07 4.8651e+08 -5.52853e+08 2.50627e+08 -1.21628e+08
 0 0 0 0 0 0 0 0 0 0 0 0 0 0 0 0 0 0 0 0 0 0 0 0 0 0 0 0 -5.01253e+10 0 0 0 -9.87764e+06 5.01451e+50 -9.87764e+06 0 0 0 0 0 0 0 0 0 0 0 0 0 0 0 0 0 0 0 0 0 0 0 0 0 0 0 -7.37137e+08 7.37137e+08 0 0 0 4.8651e+08 -7.37137e+08 2.50627e+08
 0 0 0 0 0 0 0 0 0 0 0 0 0 0 0 0 0 0 0 0 0 0 0 0 6.26566e+09 0 0 0 0 -2.50627e+10 0 0 2.46941e+06 -9.87764e+06 1.88044e+50 0 0 0 0 0 0 0 0 0 0 0 0 0 0 0 0 0 0 0 0 0 0 1.84284e+08 0 -1.21628e+08 0 0 0 -7.37137e+08 2.50627e+08 0 0 -6.26566e+07 4.8651e+08 0
 0 2.50627e+08 -1.21628e+08 0 0 4.8651e+08 -7.37137e+08 0 0 0 -6.26566e+07 0 1.84284e+08 0 0 0 0 0 0 0 0 0 0 0 0 0 0 0 0 0 0 0 0 0 0 7.40841e+50 -2.50627e+06 626566 0 0 -9.87764e+10 0 0 0 0 2.46941e+10 0 0 0 0 0 0 0 0 0 0 0 0 0 0 0 0 0 0 0 0 0 0 0 0
 4.8651e+08 -7.37137e+08 2.50627e+08 0 0 0 7.37137e+08 -7.37137e+08 0 0 0 0 0 0 0 0 0 0 0 0 0 0 0 0 0 0 0 0 0 0 0 0 0 0 0 -2.50627e+06 1.97558e+51 -2.50627e+06 0 0 0 -1.97553e+11 0 0 0 0 0 0 0 0 0 0 0 0 0 0 0 0 0 0 0 0 0 0 0 0 0 0 0 0
 -6.26566e+07 4.8651e+08 -5.52853e+08 2.50627e+08 -1.21628e+08 0 0 7.37137e+08 -7.37137e+08 0 0 0 -1.84284e+08 0 1.84284e+08 0 0 0 0 0 0 0 0 0 0 0 0 0 0 0 0 0 0 0 0 626566 -2.50627e+06 1.48168e+51 -2.50627e+06 626566 0 0 -1.97553e+11 0 0 0 0 4.93882e+10 0 0 0 0 0 0 0 0 0 0 0 0 0 0 0 0 0 0 0 0 0 0
 0 0 4.8651e+08 -7.37137e+08 2.50627e+08 0 0 0 7.37137e+08 -7.37137e+08 0 0 0 0 0 0 0 0 0 0 0 0 0 0 0 0 0 0 0 0 0 0 0 0 0 0 0 -2.50627e+06 1.97558e+51 -2.50627e+06 0 0 0 -1.97553e+11 0 0 0 0 0 0 0 0 0 0 0 0 0 0 0 0 0 0 0 0 0 0 0 0 0 0
 0 0 -6.26566e+07 4.8651e+08 -5.52853e+08 0 0 0 0 2.50627e+08 0 0 0 0 -1.21628e+08 0 0 0 0 0 0 0 0 0 0 0 0 0 0 0 0 0 0 0 0 0 0 626566 -2.50627e+06 7.40841e+50 0 0 0 0 -9.87764e+10 0 0 0 0 2.46941e+10 0 0 0 0 0 0 0 0 0 0 0 0 0 0 0 0 0 0 0 0
 2.50627e+08 0 0 0 0 -7.37137e+08 7.37137e+08 0 0 0 4.8651e+08 -7.37137e+08 0 0 0 0 0 0 0 0 0 0 0 0 0 0 0 0 0 0 0 0 0 0 0 -9.87764e+10 0 0 0 0 1.97558e+51 -5.01253e+06 0 0 0 -9.87764e+10 0 0 0 0 0 0 0 0 0 0 0 0 0 0 0 0 0 0 0 0 0 0 0 0
 -7.37137e+08 7.37137e+08 0 0 0 7.37137e+08 -1.47427e+09 7.37137e+08 0 0 0 7.37137e+08 -7.37137e+08 0 0 0 0 0 0 0 0 0 0 0 0 0 0 0 0 0 0 0 0 0 0 0 -1.97553e+11 0 0 0 -5.01253e+06 3.95115e+11 -5.01253e+06 0 0 0 -1.97553e+11 0 0 0 0 0 0 0 0 0 0 0 0 0 0 0 0 0 0 0 0 0 0 0
 0 -7.37137e+08 7.37137e+08 0 0 0 7.37137e+08 -1.47427e+09 7.37137e+08 0 0 0 7.37137e+08 -7.37137e+08 0 0 0 0 0 0 0 0 0 0 0 0 0 0 0 0 0 0 0 0 0 0 0 -1.97553e+11 0 0 0 -5.01253e+06 3.95115e+11 -5.01253e+06 0 0 0 -1.97553e+11 0 0 0 0 0 0 0 0 0 0 0 0 0 0 0 0 0 0 0 0 0 0
 0 0 -7.37137e+08 7.37137e+08 0 0 0 7.37137e+08 -1.47427e+09 7.37137e+08 0 0 0 7.37137e+08 -7.37137e+08 0 0 0 0 0 0 0 0 0 0 0 0 0 0 0 0 0 0 0 0 0 0 0 -1.97553e+11 0 0 0 -5.01253e+06 3.95115e+11 -5.01253e+06 0 0 0 -1.97553e+11 0 0 0 0 0 0 0 0 0 0 0 0 0 0 0 0 0 0 0 0 0
 0 0 0 -7.37137e+08 4.8651e+08 0 0 0 7.37137e+08 -7.37137e+08 0 0 0 0 2.50627e+08 0 0 0 0 0 0 0 0 0 0 0 0 0 0 0 0 0 0 0 0 0 0 0 0 -9.87764e+10 0 0 0 -5.01253e+06 1.97558e+51 0 0 0 0 -9.87764e+10 0 0 0 0 0 0 0 0 0 0 0 0 0 0 0 0 0 0 0 0
 -1.21628e+08 0 0 0 0 2.50627e+08 0 0 0 0 -5.52853e+08 7.37137e+08 -1.84284e+08 0 0 4.8651e+08 -7.37137e+08 0 0 0 -6.26566e+07 0 1.84284e+08 0 0 0 0 0 0 0 0 0 0 0 0 2.46941e+10 0 0 0 0 -9.87764e+10 0 0 0 0 1.48168e+51 -5.01253e+06 1.25313e+06 0 0 -9.87764e+10 0 0 0 0 2.46941e+10 0 0 0 0 0 0 0 0 0 0 0 0 0 0
 0 0 0 0 0 -7.37137e+08 7.37137e+08 0 0 0 7.37137e+08 -1.47427e+09 7.37137e+08 0 0 0 7.37137e+08 -7.37137e+08 0 0 0 0 0 0 0 0 0 0 0 0 0 0 0 0 0 0 0 0 0 0 0 -1.97553e+11 0 0 0 -5.01253e+06 3.95115e+11 -5.01253e+06 0 0 0 -1.97553e+11 0 0 0 0 0 0 0 0 0 0 0 0 0 0 0 0 0 0
 1.84284e+08 0 -1.84284e+08 0 0 0 -7.37137e+08 7.37137e+08 0 0 -1.84284e+08 7.37137e+08 -1.10571e+09 7.37137e+08 -1.84284e+08 0 0 7.37137e+08 -7.37137e+08 0 0 0 -1.84284e+08 0 1.84284e+08 0 0 0 0 0 0 0 0 0 0 0 0 4.93882e+10 0 0 0 0 -1.97553e+11 0 0 1.25313e+06 -5.01253e+06 2.96337e+51 -5.01253e+06 1.25313e+06 0 0 -1.97553e+11 0 0 0 0 4.93882e+10 0 0 0 0 0 0 0 0 0 0 0 0
 0 0 0 0 0 0 0 -7.37137e+08 7.37137e+08 0 0 0 7.37137e+08 -1.47427e+09 7.37137e+08 0 0 0 7.37137e+08 -7.37137e+08 0 0 0 0 0 0 0 0 0 0 0 0 0 0 0 0 0 0 0 0 0 0 0 -1.97553e+11 0 0 0 -5.01253e+06 3.95115e+11 -5.01253e+06 0 0 0 -1.97553e+11 0 0 0 0 0 0 0 0 0 0 0 0 0 0 0 0
 0 0 1.84284e+08 0 -6.26566e+07 0 0 0 -7.37137e+08 4.8651e+08 0 0 -1.84284e+08 7.37137e+08 -5.52853e+08 0 0 0 0 2.50627e+08 0 0 0 0 -1.21628e+08 0 0 0 0 0 0 0 0 0 0 0 0 0 0 2.46941e+10 0 0 0 0 -9.87764e+10 0 0 1.25313e+06 -5.01253e+06 1.48168e+51 0 0 0 0 -9.87764e+10 0 0 0 0 2.46941e+10 0 0 0 0 0 0 0 0 0 0
 0 0 0 0 0 0 0 0 0 0 2.50627e+08 0 0 0 0 -7.37137e+08 7.37137e+08 0 0 0 4.8651e+08 -7.37137e+08 0 0 0 0 0 0 0 0 0 0 0 0 0 0 0 0 0 0 0 0 0 0 0 -9.87764e+10 0 0 0 0 1.97558e+51 -5.01253e+06 0 0 0 -9.87764e+10 0 0 0 0 0 0 0 0 0 0 0 0 0 0
 0 0 0 0 0 0 0 0 0 0 -7.37137e+08 7.37137e+08 0 0 0 7.37137e+08 -1.47427e+09 7.37137e+08 0 0 0 7.37137e+08 -7.37137e+08 0 0 0 0 0 0 0 0 0 0 0 0 0 0 0 0 0 0 0 0 0 0 0 -1.97553e+11 0 0 0 -5.01253e+06 3.95115e+11 -5.01253e+06 0 0 0 -1.97553e+11 0 0 0 0 0 0 0 0 0 0 0 0 0
 0 0 0 0 0 0 0 0 0 0 0 -7.37137e+08 7.37137e+08 0 0 0 7.37137e+08 -1.47427e+09 7.37137e+08 0 0 0 7.37137e+08 -7.37137e+08 0 0 0 0 0 0 0 0 0 0 0 0 0 0 0 0 0 0 0 0 0 0 0 -1.97553e+11 0 0 0 -5.01253e+06 3.95115e+11 -5.01253e+06 0 0 0 -1.97553e+11 0 0 0 0 0 0 0 0 0 0 0 0
 0 0 0 0 0 0 0 0 0 0 0 0 -7.37137e+08 7.37137e+08 0 0 0 7.37137e+08 -1.47427e+09 7.37137e+08 0 0 0 7.37137e+08 -7.37137e+08 0 0 0 0 0 0 0 0 0 0 0 0 0 0 0 0 0 0 0 0 0 0 0 -1.97553e+11 0 0 0 -5.01253e+06 3.95115e+11 -5.01253e+06 0 0 0 -1.97553e+11 0 0 0 0 0 0 0 0 0 0 0
 0 0 0 0 0 0 0 0 0 0 0 0 0 -7.37137e+08 4.8651e+08 0 0 0 7.37137e+08 -7.37137e+08 0 0 0 0 2.50627e+08 0 0 0 0 0 0 0 0 0 0 0 0 0 0 0 0 0 0 0 0 0 0 0 0 -9.87764e+10 0 0 0 -5.01253e+06 1.97558e+51 0 0 0 0 -9.87764e+10 0 0 0 0 0 0 0 0 0 0
 0 0 0 0 0 0 0 0 0 0 -1.21628e+08 0 0 0 0 2.50627e+08 0 0 0 0 -5.52853e+08 7.37137e+08 -1.84284e+08 0 0 4.8651e+08 -7.37137e+08 0 0 0 -6.26566e+07 0 1.84284e+08 0 0 0 0 0 0 0 0 0 0 0 0 2.46941e+10 0 0 0 0 -9.87764e+10 0 0 0 0 1.48168e+51 -5.01253e+06 1.25313e+06 0 0 -9.87764e+10 0 0 0 0 2.46941e+10 0 0 0 0
 0 0 0 0 0 0 0 0 0 0 0 0 0 0 0 -7.37137e+08 7.37137e+08 0 0 0 7.37137e+08 -1.47427e+09 7.37137e+08 0 0 0 7.37137e+08 -7.37137e+08 0 0 0 0 0 0 0 0 0 0 0 0 0 0 0 0 0 0 0 0 0 0 0 -1.97553e+11 0 0 0 -5.01253e+06 3.95115e+11 -5.01253e+06 0 0 0 -1.97553e+11 0 0 0 0 0 0 0 0
 0 0 0 0 0 0 0 0 0 0 1.84284e+08 0 -1.84284e+08 0 0 0 -7.37137e+08 7.37137e+08 0 0 -1.84284e+08 7.37137e+08 -1.10571e+09 7.37137e+08 -1.84284e+08 0 0 7.37137e+08 -7.37137e+08 0 0 0 -1.84284e+08 0 1.84284e+08 0 0 0 0 0 0 0 0 0 0 0 0 4.93882e+10 0 0 0 0 -1.97553e+11 0 0 1.25313e+06 -5.01253e+06 2.96337e+51 -5.01253e+06 1.25313e+06 0 0 -1.97553e+11 0 0 0 0 4.93882e+10 0 0
 0 0 0 0 0 0 0 0 0 0 0 0 0 0 0 0 0 -7.37137e+08 7.37137e+08 0 0 0 7.37137e+08 -1.47427e+09 7.37137e+08 0 0 0 7.37137e+08 -7.37137e+08 0 0 0 0 0 0 0 0 0 0 0 0 0 0 0 0 0 0 0 0 0 0 0 -1.97553e+11 0 0 0 -5.01253e+06 3.95115e+11 -5.01253e+06 0 0 0 -1.97553e+11 0 0 0 0 0 0
 0 0 0 0 0 0 0 0 0 0 0 0 1.84284e+08 0 -6.26566e+07 0 0 0 -7.37137e+08 4.8651e+08 0 0 -1.84284e+08 7.37137e+08 -5.52853e+08 0 0 0 0 2.50627e+08 0 0 0 0 -1.21628e+08 0 0 0 0 0 0 0 0 0 0 0 0 0 0 2.46941e+10 0 0 0 0 -9.87764e+10 0 0 1.25313e+06 -5.01253e+06 1.48168e+51 0 0 0 0 -9.87764e+10 0 0 0 0 2.46941e+10
 0 0 0 0 0 0 0 0 0 0 0 0 0 0 0 0 0 0 0 0 2.50627e+08 0 0 0 0 -7.37137e+08 7.37137e+08 0 0 0 4.8651e+08 -7.37137e+08 0 0 0 0 0 0 0 0 0 0 0 0 0 0 0 0 0 0 0 0 0 0 0 -9.87764e+10 0 0 0 0 1.97558e+51 -5.01253e+06 0 0 0 -9.87764e+10 0 0 0 0
 0 0 0 0 0 0 0 0 0 0 0 0 0 0 0 0 0 0 0 0 -7.37137e+08 7.37137e+08 0 0 0 7.37137e+08 -1.47427e+09 7.37137e+08 0 0 0 7.37137e+08 -7.37137e+08 0 0 0 0 0 0 0 0 0 0 0 0 0 0 0 0 0 0 0 0 0 0 0 -1.97553e+11 0 0 0 -5.01253e+06 3.95115e+11 -5.01253e+06 0 0 0 -1.97553e+11 0 0 0
 0 0 0 0 0 0 0 0 0 0 0 0 0 0 0 0 0 0 0 0 0 -7.37137e+08 7.37137e+08 0 0 0 7.37137e+08 -1.47427e+09 7.37137e+08 0 0 0 7.37137e+08 -7.37137e+08 0 0 0 0 0 0 0 0 0 0 0 0 0 0 0 0 0 0 0 0 0 0 0 -1.97553e+11 0 0 0 -5.01253e+06 3.95115e+11 -5.01253e+06 0 0 0 -1.97553e+11 0 0
 0 0 0 0 0 0 0 0 0 0 0 0 0 0 0 0 0 0 0 0 0 0 -7.37137e+08 7.37137e+08 0 0 0 7.37137e+08 -1.47427e+09 7.37137e+08 0 0 0 7.37137e+08 -7.37137e+08 0 0 0 0 0 0 0 0 0 0 0 0 0 0 0 0 0 0 0 0 0 0 0 -1.97553e+11 0 0 0 -5.01253e+06 3.95115e+11 -5.01253e+06 0 0 0 -1.97553e+11 0
 0 0 0 0 0 0 0 0 0 0 0 0 0 0 0 0 0 0 0 0 0 0 0 -7.37137e+08 4.8651e+08 0 0 0 7.37137e+08 -7.37137e+08 0 0 0 0 2.50627e+08 0 0 0 0 0 0 0 0 0 0 0 0 0 0 0 0 0 0 0 0 0 0 0 0 -9.87764e+10 0 0 0 -5.01253e+06 1.97558e+51 0 0 0 0 -9.87764e+10
 0 0 0 0 0 0 0 0 0 0 0 0 0 0 0 0 0 0 0 0 -1.21628e+08 0 0 0 0 2.50627e+08 0 0 0 0 -5.52853e+08 4.8651e+08 -6.26566e+07 0 0 0 0 0 0 0 0 0 0 0 0 0 0 0 0 0 0 0 0 0 0 2.46941e+10 0 0 0 0 -9.87764e+10 0 0 0 0 7.40841e+50 -2.50627e+06 626566 0 0
 0 0 0 0 0 0 0 0 0 0 0 0 0 0 0 0 0 0 0 0 0 0 0 0 0 -7.37137e+08 7.37137e+08 0 0 0 2.50627e+08 -7.37137e+08 4.8651e+08 0 0 0 0 0 0 0 0 0 0 0 0 0 0 0 0 0 0 0 0 0 0 0 0 0 0 0 0 -1.97553e+11 0 0 0 -2.50627e+06 1.97558e+51 -2.50627e+06 0 0
 0 0 0 0 0 0 0 0 0 0 0 0 0 0 0 0 0 0 0 0 1.84284e+08 0 -1.84284e+08 0 0 0 -7.37137e+08 7.37137e+08 0 0 -1.21628e+08 2.50627e+08 -5.52853e+08 4.8651e+08 -6.26566e+07 0 0 0 0 0 0 0 0 0 0 0 0 0 0 0 0 0 0 0 0 0 0 4.93882e+10 0 0 0 0 -1.97553e+11 0 0 626566 -2.50627e+06 1.48168e+51 -2.50627e+06 626566
 0 0 0 0 0 0 0 0 0 0 0 0 0 0 0 0 0 0 0 0 0 0 0 0 0 0 0 -7.37137e+08 7.37137e+08 0 0 0 2.50627e+08 -7.37137e+08 4.8651e+08 0 0 0 0 0 0 0 0 0 0 0 0 0 0 0 0 0 0 0 0 0 0 0 0 0 0 0 0 -1.97553e+11 0 0 0 -2.50627e+06 1.97558e+51 -2.50627e+06
 0 0 0 0 0 0 0 0 0 0 0 0 0 0 0 0 0 0 0 0 0 0 1.84284e+08 0 -6.26566e+07 0 0 0 -7.37137e+08 4.8651e+08 0 0 -1.21628e+08 2.50627e+08 0 0 0 0 0 0 0 0 0 0 0 0 0 0 0 0 0 0 0 0 0 0 0 0 0 2.46941e+10 0 0 0 0 -9.87764e+10 0 0 626566 -2.50627e+06 7.40841e+50

 0
 0
 0
 0
 0
 0
 0
 0
 0
 0
 0
 0
 0
 0
 0
 0
 0
 0
 0
 0
 0
 0
 0
 0
 0
 0
 0
 0
 0
 0
 0
 0
 0
 0
 0
 0
 1.3829e+51
 0
 1.3829e+51
 0
 0
 0
 0
 0
 0
 0
 0
 0
 0
 0
 0
 0
 0
 0
 0
 0
 0
 0
 0
 0
 0
 0
 0
 0
 0
 0
 0
 0
 0
 0
