 0 0
 0 0
 0 0
 0 0
 0 0
 0 0
 0 0
 0 0
 0 0
 0 0
 0 0
 0 0
 0 0
 0 0
 0 0
 0 0
 0 0
 0 0
 0 0
 0 0
 0 0
 0 0
 0 0
 0 0
 0 0
 0 0
 0 0
 0 0
 0 0
 0 0
 0 0
 0 0
 0 0
 0 0
 0 0
 0 0
 0 0
 0 0
 0 0
 0 0
 0 0
 0 0
 0 0
 0 0
 0 0
 0 0
 0 0
 0 0
 0 0
 0 0
 0 0
 0 0
 0 0
 0 0
 0 0
 0 0
 0 0
 0 0
 0 0
 0 0
 0 0
 0 0
 0 0
 0 0
 0 0
 0 0
 0 0
 0 0
 0 0
 0 0
 0 0
 0 0
 0 0
 0 0
 0 0
 0 0
 0 0
 0 0
 0 0
 0 0
 0 0
 0 0
 0 0
 0 0
 0 0
 0 0
 0 0
 0 0
 0 0
 0 0
 0 0
 0 0
 0 0
 0 0
 0 0
 0 0
 0 0
 0 0
 0 0
 0 0
 0 0
 0 0
 0 0
 0 0
 0 0
 0 0
 0 0
 0 0
 0 0
 0 0
 0 0
 0 0
 0 0
 0 0
 0 0
 0 0
 0 0
 0 0
 0 0
 0 0
 0 0
 0 0
 0 0
 0 0
 0 0
 0 0
 0 0
 0 0
 0 0
 0 0
 0 0
 0 0
 0 0
 0 0
 0 0
 0 0
 0 0
 0 0
 0 0
 0 0
 0 0
 0 0
 0 0
 0 0
 0 0
 0 0
 0 0
 0 0
 0 0
 0 0
 0 0
 0 0
 0 0
 0 0
 0 0
 0 0
 0 0
 0 0
 0 0
 0 0
 0 0
 0 0
 0 0
 0 0
 0 0
 0 0
 0 0
 0 0
 0 0
 0 0
 0 0
 0 0
 0 0
 0 0
 0 0
 0 0
 0 0
 0 0
 0 0
 0 0
 0 0
 0 0
 0 0
 0 0
 0 0
 0 0
 0 0
 0 0
 0 0
 0 0
 0 0
 0 0
 0 0
 0 0
 0 0
 0 0
 0 0
 0 0
 0 0
 0 0
 0 0
 0 0
 0 0
 0 0
 0 0
 0 0
 0 0
 0 0
 0 0
 0 0
 0 0
 0 0
 0 0
 0 0
 0 0
 0 0
 0 0
 0 0
 0 0
 0 0
 0 0
 0 0
 0 0
 0 0
 0 0
 0 0
 0 0
 0 0
 0 0
 0 0
 0 0
 0 0
 0 0
 0 0
 0 0
 0 0
 0 0
 0 0
 0 0
 0 0
 0 0
 0 0
 0 0
 0 0
 0 0
 0 0
 0 0
 0 0
 0 0
 0 0
 0 0
 0 0
 0 0
 0 0
 0 0
 0 0
 0 0
 0 0
 0 0
 0 0
 0 0
 0 0
 0 0
 0 0
 0 0
 0 0
 0 0
 0 0
 0 0
 0 0
 0 0
 0 0
 0 0
 0 0
 0 0
 0 0
 0 0
 0 0
 0 0
 0 0
 0 0
 0 0
 0 0
 0 0
 0 0
 0 0
 0 0
 0 0
 0 0
 0 0
 0 0
 0 0
 0 0
 0 0
 0 0
 0 0
 0 0
 0 0
 0 0
 0 0
 0 0
 0 0
 0 0
 0 0
 0 0
 0 0
 0 0
 0 0
 0 0
 0 0
 0 0
 0 0
 0 0
 0 0
 0 0
 0 0
 0 0
 0 0
 0 0
 0 0
 0 0
 0 0
 0 0
 0 0
 0 0
 0 0
 0 0
 0 0
 0 0
 0 0
 0 0
 0 0
 0 0
 0 0
 0 0
 0 0
 0 0
 0 0
 0 0
 0 0
 0 0
 0 0
 0 0
 0 0
 0 0
 0 0
 0 0
 0 0
 0 0
 0 0
 0 0
 0 0
 0 0
 0 0
 0 0
 0 0
 0 0
 0 0
 0 0
 0 0
 0 0
 0 0
 0 0
 0 0
 0 0
 0 0
 0 0
 0 0
 0 0
 0 0
 0 0
 0 0
 0 0
 0 0
 0 0
 0 0
 0 0
 0 0
 0 0
 0 0
 0 0
 0 0
 0 0
 0 0
 0 0
 0 0
 0 0
 0 0
 0 0
 0 0
 0 0
 0 0
 0 0
 0 0
 0 0
 0 0
 0 0
 0 0
 0 0
 0 0
 0 0
 0 0
 0 0
 0 0
 0 0
 0 0
 0 0
 0 0
 0 0
 0 0
 0 0
 0 0
 0 0
 0 0
 0 0
 0 0
 0 0
 0 0
 0 0
 0 0
 0 0
 0 0
 0 0
 0 0
 0 0
 0 0
 0 0
 0 0
 0 0
 0 0
 0 0
 0 0
 0 0
 0 0
 0 0
 0 0
 0 0
 0 0
 0 0
 0 0
 0 0
 0 0
 0 0
 0 0
 0 0
 0 0
 0 0
 0 0
 0 0
 0 0
 0 0
 0 0
 0 0
 0 0
 0 0
 0 0
 0 0
 0 0
 0 0
 0 0
 0 0
 0 0
 0 0
 0 0
 0 0
 0 0
 0 0
 0 0
 0 0
 0 0
 0 0
 0 0
 0 0
 0 0
 0 0
 0 0
 0 0
 0 0
 0 0
 0 0
 0 0
 0 0
 0 0
 0 0
 0 0
 0 0
 0 0
 0 0
 0 0
 0 0
 0 0
 0 0
 0 0
 0 0
 0 0
 0 0
 0 0
 0 0
 0 0
 0 0
 0 0
 0 0
 0 0
 0 0
 0 0
 0 0
 0 0
 0 0
 0 0
 0 0
 0 0
 0 0
 0 0
 0 0
 0 0
 0 0
 0 0
 0 0
 0 0
 0 0
 0 0
 0 0
 0 0
 0 0
 0 0
 0 0
 0 0
 0 0
 0 0
 0 0
 0 0
 0 0
 0 0
 0 0
 0 0
 0 0
 0 0
 0 0
 0 0
 0 0
 0 0
 0 0
 0 0
 0 0
 0 0
 0 0
 0 0
 0 0
 0 0
 0 0
 0 0
 0 0
 0 0
 0 0
 0 0
 0 0
 0 0
 0 0
 0 0
 0 0
 0 0
 0 0
 0 0
 0 0
 0 0
 0 0
 0 0
 0 0
 0 0
 0 0
 0 0
 0 0
 0 0
 0 0
 0 0
 0 0
 0 0
 0 0
 0 0
 0 0
 0 0
 0 0
 0 0
 0 0
 0 0
 0 0
 0 0
 0 0
 0 0
 0 0
 0 0
 0 0
 0 0
 0 0
 0 0
 0 0
 0 0
 0 0
 0 0
 0 0
 0 0
 0 0
 0 0
 0 0
 0 0
 0 0
 0 0
 0 0
 0 0
 0 0
 0 0
 0 0
 0 0
 0 0
 0 0
 0 0
 0 0
 0 0
 0 0
 0 0
 0 0
 0 0
 0 0
 0 0
 0 0
 0 0
 0 0
 0 0
 0 0
 0 0
 0 0
 0 0
 0 0
 0 0
 0 0
 0 0
 0 0
 0 0
 0 0
 0 0
 0 0
 0 0
 0 0
 0 0
 0 0
 0 0
 0 0
 0 0
 0 0
 0 0
 0 0
 0 0
 0 0
 0 0
 0 0
 0 0
 0 0
 0 0
 0 0
 0 0
 0 0
 0 0
 0 0
 0 0
 0 0
 0 0
 0 0
 0 0
 0 0
 0 0
 0 0
 0 0
 0 0
 0 0
 0 0
 0 0
 0 0
 0 0
 0 0
 0 0
 0 0
 0 0
 0 0
 0 0
 0 0
 0 0
 0 0
 0 0
 0 0
 0 0
 0 0
 0 0
 0 0
 0 0
 0 0
 0 0
 0 0
 0 0
 0 0
 0 0
 0 0
 0 0
 0 0
 0 0
 0 0
 0 0
 0 0
 0 0
 0 0
 0 0
 0 0
 0 0
 0 0
 0 0
 0 0
 0 0
 0 0
 0 0
 0 0
 0 0
 0 0
 0 0
 0 0
 0 0
 0 0
 0 0
 0 0
 0 0
 0 0
 0 0
 0 0
 0 0
 0 0
 0 0
 0 0
 0 0
 0 0
 0 0
 0 0
 0 0
 0 0
 0 0
 0 0
 0 0
 0 0
 0 0
 0 0
 0 0
 0 0
 -0.00054549377167068 0.0006644623987008
 -0.0003519185769103 0.0004880046175037
 -0.00023516558097092 0.00038638839402216
 -0.00016774083578297 0.00031900235224791
 -0.00012375051581937 0.00026947204850702
 -9.5302456743163e-05 0.00023349845286846
 -7.5153427926633e-05 0.00020634838519484
 -5.9889309948158e-05 0.00018563615487588
 -3.815534235363e-05 0.00017315346880009
 -0.00023923269522541 0.00011157013758423
 -0.0002911514686299 9.3497145995158e-05
 -0.00032952385118046 0.00042289332846113
 -0.00021555665233297 0.00028825676411026
 -0.00014454046511103 9.4073161807096e-05
 -0.00012776567949846 1.3054031324788e-06
 -0.00043984682447218 0.00053675342995588
 -0.00028293158176806 0.0004279997057976
 -0.00019776159373275 0.00034998451617441
 -0.0001425626046474 0.00029169609544966
 -0.00010819075929058 0.00025005624570884
 -8.4491680079068e-05 0.00021902055097989
 -6.7704216411446e-05 0.00019521875792938
 -5.8552290982838e-05 0.0001758361022276
 -9.1153269439648e-05 0.00015381044862384
 -0.00029599139838687 8.0405759246283e-05
 -0.00031588655595005 0.00022992004349764
 -0.0002890547514407 0.00043132537017443
 -0.00016759253126697 0.00017728623289082
 -0.00013103940540748 2.2533471155661e-05
 -0.00083815726084113 0.00052646742885701
 -0.00071545725169075 0.0014136981920467
 3.8669026451998e-06 2.7325830395442e-05
 1.0374103435851e-05 5.0296886635381e-05
 4.6889860797705e-05 6.8319681799989e-05
 0.00049528124518972 -2.0975778290411e-05
 0.0025640754557372 -0.00043356168159103
 0.0014038666535043 -0.00024836951658769
 0.00072728776283526 -0.00013017064167598
 0.00038125894123198 -6.8386524970321e-05
 -7.8370914735615e-07 3.4415733271898e-05
 6.4425178045724e-06 3.4555033681549e-05
 1.3391426239906e-05 3.4154735707892e-05
 2.0537540814658e-05 3.3511260954411e-05
 2.7384201398917e-05 3.3265424709938e-05
 3.4341296414553e-05 3.3579707904074e-05
 4.126900044632e-05 3.3763016046073e-05
 4.8049757637614e-05 3.3840035543076e-05
 5.5052625024032e-05 3.3797502041466e-05
 6.1937042962867e-05 3.2525007383155e-05
 6.8066073074746e-05 3.0014969358394e-05
 7.3863034062427e-05 2.7571811503702e-05
 7.9141797513671e-05 2.5128357387105e-05
 8.349712881639e-05 2.2424756455086e-05
 8.8567949532603e-05 3.1830695518931e-05
 9.7079122392429e-05 5.308014766392e-05
 0.0001050400175977 2.1065446606627e-05
 0.00010673144667983 1.2411027143777e-05
 -7.8519519188802e-06 3.4165224494842e-05
 0.00010932556604537 1.945218948296e-05
 -1.4906194140352e-05 3.3797408496294e-05
 0.00011320160015416 2.6369704126505e-05
 -2.1847328969926e-05 3.3360996157583e-05
 -2.8681440197076e-05 3.3094044065818e-05
 -3.5555387421837e-05 3.324316365827e-05
 -4.2418999392169e-05 3.3272795974426e-05
 -4.9210601408944e-05 3.3201038214692e-05
 -5.5941994644648e-05 3.3066627183942e-05
 -6.2089982137081e-05 3.0131575631032e-05
 -6.7218018913628e-05 2.5663051277602e-05
 -8.2349544864968e-05 3.6984473386514e-05
 -7.5042505484291e-05 2.8929436451719e-05
 -9.0101274977883e-05 3.8553014216625e-05
 -9.5468617903549e-05 2.8870010580162e-05
 -0.00012897360239261 1.0719394794245e-05
 -0.00012835031267766 2.2615466745313e-05
 -0.00012518860995847 3.5676653608929e-05
 -0.00011889248143504 3.4953204787191e-05
 -0.00011258207448517 3.1678419384784e-05
 -0.00010673148674023 2.7732599858554e-05
 -0.00010148365273821 2.3090743245024e-05
 0.00011874670829037 3.2661300029435e-05
 0.00012350266416128 2.5887996743634e-05
 0.00012641594834406 1.9496150485354e-05
 0.00012907073169544 2.1420758729462e-05
 0.00013182431260361 2.0332031433368e-05
 0.00013359471632413 1.9065298905829e-05
 0.00013462682145615 1.7231961217501e-05
 0.00013493070320081 1.554972506268e-05
 0.00013438880423067 1.6354355550141e-05
 0.00013251276813619 1.7634972154346e-05
 0.00012516322439637 1.7752408940752e-05
 7.2897255787296e-05 1.7553574824136e-05
 2.5239392478227e-06 2.1021440955393e-05
 -0.00046213908473636 0.00016670419810011
 -0.0024710130918557 -0.001739159976186
 5.3530555952364e-06 3.9466766467822e-05
 4.1141005979739e-07 6.360289784757e-05
 -0.00011744558054261 9.8674980650748e-05
 0.0018908151714143 -0.00028812382919341
 0.0021415051911831 -0.00037386272552831
 0.001023648079407 -0.00018245979581744
 0.0005311856333492 -9.5311628807715e-05
 0.00030631206048781 -5.5467783508067e-05
 2.8134201350838e-06 3.4516684818797e-05
 1.0041510504877e-05 3.441318282249e-05
 1.7017756706039e-05 3.3867875350202e-05
 2.3832057378215e-05 3.3237077667225e-05
 3.0881118927795e-05 3.3426212965315e-05
 3.7628669792511e-05 3.3704940556323e-05
 4.4795304804168e-05 3.3817984444573e-05
 5.1755646596874e-05 3.3809363734205e-05
 5.8408830971857e-05 3.3500620948201e-05
 6.5092960781499e-05 3.1249411168943e-05
 7.1017690483899e-05 2.8803335615946e-05
 7.6405013713199e-05 2.635923555272e-05
 8.1402772353911e-05 2.4027342481414e-05
 8.5983736310524e-05 2.3636143846373e-05
 9.2244466193492e-05 4.1491079142419e-05
 0.0001021889252133 5.3126114465618e-05
 0.00010577583882032 4.2495985710378e-06
 -4.3285841559992e-06 3.4295386571959e-05
 0.00010779823841034 1.5368571898877e-05
 -1.1401088562124e-05 3.4018715966422e-05
 -1.8374115052566e-05 3.3591647971898e-05
 0.00011114946633839 2.2960114711479e-05
 -2.5261553384226e-05 3.3101863935014e-05
 0.00011591917333398 3.041098885026e-05
 -3.2137664238263e-05 3.3196941630287e-05
 -3.8978277576263e-05 3.3292878661273e-05
 -4.5820724677625e-05 3.326592718822e-05
 -5.2574336503852e-05 3.3092474927665e-05
 -5.9170105261686e-05 3.2191081748456e-05
 -6.4769857591962e-05 2.7845078594213e-05
 -7.8505104710302e-05 3.2955907769194e-05
 -7.1962370459033e-05 2.465134991736e-05
 -8.6459142883299e-05 4.020627595569e-05
 -9.2985611985341e-05 3.3431763902136e-05
 -9.7389751450905e-05 2.4038218677136e-05
 -0.00012887833099651 1.5928234849305e-05
 -0.00012718020817726 2.9621030597449e-05
 -0.00012221389582479 3.6699104740467e-05
 -0.00011569072898254 3.3451638536075e-05
 -0.0001095809877274 2.9809723344432e-05
 -0.00010403059139907 2.5609752718259e-05
 0.00012121887095518 3.0081531164905e-05
 0.00012502031589534 2.1728940165611e-05
 0.00012794080874379 2.0848879981328e-05
 0.00013052623299359 2.0705546098121e-05
 0.0001326764885583 1.9803797266071e-05
 0.00013431961554033 1.8122566074252e-05
 0.00013492319488506 1.6337103037278e-05
 0.00013460774018625 1.5626474634933e-05
 0.00013371211156965 1.6996138942127e-05
 0.00013161179906618 1.8285388577732e-05
 0.00013048478951916 1.3443850617745e-05
 3.1760304537443e-06 2.3996786363223e-05
 2.4240825169386e-06 2.002231898357e-05
 -0.0023823838121022 -0.0028290321866925
 -0.0007172235484515 -5.5543792274071e-05
 -6.9445523686262e-05 2.3515128149132e-05
 -9.9222248311825e-05 2.1527104246966e-05
 0.00013280181376274 -2.2411174440129e-05
 0.00019887961561338 -1.5432228658963e-05
 0.00052728484955722 0.00018866543318063
 -0.00073088607104599 -4.586734246409e-05
 0.00019035749735252 -3.969955949068e-05
 -0.00018154200394704 -4.3306360632323e-05
 -0.00082100046579614 -1.017224728872e-05
 0.00043712366819548 0.0002913178349514
 -0.00088293206966683 -6.9541138834839e-05
 8.8589091127744e-05 -0.0003512724697412
 0.00024013359804442 -0.00027804298114043
 -0.00088438899689347 -0.00021953396921698
 -0.00027556694783659 3.7401465748932e-05
 -2.1305463438925e-05 1.8801476406871e-06
 1.1476481465045e-05 5.9589697665174e-07
 8.4324453890394e-05 2.3835190550159e-05
 0.00075375437599823 0.000217086928326
 0.0020364009435228 0.00056553045212038
 0.0010281901988974 -0.00014033136784919
 7.4307091744497e-05 -1.0183641152572e-05
 -2.3753479555522e-05 -6.9095490942139e-06
 0.00040350821633306 0.00011641299869813
 0.0013433519485704 0.00037799389287274
 0.0044027045096697 0.0011104155535793
 -1.7528917595655e-05 7.1625752141813e-05
 -0.00087232617201638 -0.00034924483364795
 -1.3638031761687e-06 -1.8368385779177e-05
 -4.0869600574922e-06 -3.7637377965916e-05
 -6.840570684119e-06 -5.720589782765e-05
 -9.594107019506e-06 -7.6742986482303e-05
 -1.2240149480647e-05 -9.5543557945499e-05
 0.0008646052220147 -0.00032852746051226
 0.00021510276689984 0.00060225026307137
 0.0024262487316168 0.00038794595991964
 0.00025575052476401 -0.00037525193895638
 -2.6873608818256e-06 -2.772936087958e-05
 -5.4525172639153e-06 -4.740706568962e-05
 -8.2100333145263e-06 -6.7022258034677e-05
 -1.1013273605975e-05 -8.6824645117334e-05
 -9.9260725443528e-06 -7.7143994165918e-05
 -0.00054642347736555 -0.0005323113325808
 2.9977585515706e-05 -0.00052776988885883
 0.00011555869733293 -0.00065438401163176
 0.00017722839841738 -2.975917720982e-05
 -0.00082188913169357 -0.00042214043161781
 -0.0023108481381946 0.00058003103343296
 -0.00033864775144599 -9.1828118392367e-05
 -0.00024539021782188 -0.00015631433602703
 -0.0002635961054922 -9.7017401190058e-05
 -0.0002482256430536 -5.3338030208128e-05
 -0.00023242911055354 -2.1459142967917e-05
 -0.00019453496516708 2.3470153736049e-06
 -0.00015679321025219 2.5625431478993e-05
 -0.00013209471991504 2.8320484423361e-05
 -4.2680907985648e-06 -3.3352058233627e-05
 3.7001648856005e-08 2.2379466242395e-06
 -9.7269168795044e-06 -6.648536793874e-05
 -1.2621753110453e-05 -6.9260172072649e-05
 4.5255266023503e-07 -3.5094820251214e-05
 -5.8272450367269e-06 -3.3891794784413e-05
 -1.1758947456642e-05 -3.2440303748382e-05
 -1.7385484104793e-05 -3.0872456281195e-05
 -2.2687797245347e-05 -2.9461586655399e-05
 -2.7731138878551e-05 -2.882725845943e-05
 -3.2585608385816e-05 -2.8145026823134e-05
 -3.7154854035215e-05 -2.7403084426281e-05
 -4.1444830460868e-05 -2.6585618501107e-05
 -4.5410259715162e-05 -2.5745539278699e-05
 -4.9011268699495e-05 -2.5301921460441e-05
 -5.2336325472524e-05 -2.6043698021505e-05
 -5.5237165882183e-05 -2.6709840853067e-05
 -5.7346449410467e-05 -2.7269110256078e-05
 -6.0654182294506e-05 -2.7682718101607e-05
 1.3125223281563e-06 -3.2913976179216e-05
 -2.1573829913635e-06 -3.1487993550572e-05
 -2.0747037527968e-06 -2.7893017888969e-05
 6.9505309223672e-06 -3.6123186420323e-05
 1.3567430853456e-05 -3.7017307193299e-05
 -1.7635914053571e-06 -2.4363997858101e-05
 2.0281044834647e-05 -3.7744131484496e-05
 -1.4256117548683e-06 -2.0852704568419e-05
 2.7029744744667e-05 -3.8325550194784e-05
 -1.0938798036264e-06 -1.7373760610173e-05
 3.3685419762008e-05 -3.8726085748841e-05
 4.0316154365172e-05 -3.8839664048496e-05
 4.6765753037192e-05 -3.8716724103827e-05
 5.2841861595709e-05 -3.8419486036778e-05
 5.8408594384218e-05 -3.7981033019108e-05
 -8.9494380040023e-07 -1.5335392387295e-05
 -2.4096309594768e-05 -8.735522907577e-05
 -0.00017358882041552 -6.9211895091681e-05
 -0.0021444843152554 -0.00028655131214106
 -0.0013369593458543 -0.00076991677640392
 -0.00084295309214033 -0.00046890002113664
 6.321117292174e-05 -3.7427499201215e-05
 6.6834601769372e-05 -3.6791452223905e-05
 6.9261737976944e-05 -3.6127818915821e-05
 1.7829016941917e-05 -3.9585568649692e-05
 4.469061122947e-06 -4.1107656579609e-05
 3.8615408524123e-06 -4.1671576560542e-05
 3.8435070308651e-06 -4.1519402664392e-05
 -4.755756913899e-05 -0.00083442964033509
 -0.0015149345801788 -0.0013062511927249
 4.1966313251152e-06 -4.0775058323783e-05
 4.2897759122695e-06 -4.0031469722868e-05
 0.00020559445143675 -7.5397224250651e-06
 -0.0009919246316632 0.00028138196771899
 -0.00029737011294495 -0.00011086591520382
 -0.00027347648901754 -0.00011754687172827
 -0.00025611568760198 -7.0209261107568e-05
 -0.0002431085963619 -3.8088972960981e-05
 -0.00021339549220256 -9.3508133773845e-06
 -0.00017557730723472 1.4325642350599e-05
 -0.00014157195565767 3.3402851971065e-05
 6.7339659848287e-07 5.179988306403e-06
 -4.9463312614684e-06 -3.2725304194736e-05
 -1.2143306110879e-05 -8.1515280091926e-05
 -8.8728022302753e-06 -6.6777738520041e-05
 -2.7157094155683e-06 -3.4522096634682e-05
 -8.8128332347281e-06 -3.3160725948278e-05
 -1.4613897619142e-05 -3.1665560590532e-05
 -2.0094184443487e-05 -3.0057114328574e-05
 -2.5242144734428e-05 -2.9134039023493e-05
 -3.0183315745447e-05 -2.8506932067351e-05
 -3.488676020158e-05 -2.7775476169944e-05
 -3.9356328725759e-05 -2.7012203070331e-05
 -4.3489355864068e-05 -2.6170338048193e-05
 -4.723213474378e-05 -2.5310011833257e-05
 -5.072298701414e-05 -2.5694848794888e-05
 -5.3844169288553e-05 -2.6392861925961e-05
 -5.618224945092e-05 -2.7005257969615e-05
 -5.5756089274439e-05 -2.7718284423939e-05
 -3.0014593591865e-05 -3.0075821184639e-05
 -3.5856754001529e-06 -3.2743257770473e-05
 -2.3357124572243e-06 -2.9629768717454e-05
 3.6804715426442e-06 -3.5623622937964e-05
 1.0254876404048e-05 -3.6596124485477e-05
 -1.9278669372014e-06 -2.6123277514056e-05
 1.6925373532928e-05 -3.7409638077968e-05
 2.3637922172526e-05 -3.8076327301795e-05
 -1.5928078824778e-06 -2.2595855029062e-05
 3.0355580268093e-05 -3.8533964013432e-05
 -1.2544907219691e-06 -1.9055912981569e-05
 3.7027730449779e-05 -3.8836685702925e-05
 4.3582652414997e-05 -3.8792151217937e-05
 4.9854362424995e-05 -3.8578446394322e-05
 5.5690822000187e-05 -3.8218628873654e-05
 6.0888793594671e-05 -3.7707243653706e-05
 2.5653591182229e-05 -0.00010817098424021
 0.00054640338225975 -0.00010012777996737
 -0.0041792544509027 -0.00053451809500504
 -0.00052464441245825 -0.00068157173601613
 6.5129216011428e-05 -3.7132763258452e-05
 6.7132009261783e-05 -3.6538929601093e-05
 5.7446051322074e-05 -3.667477734326e-05
 -5.1197760519983e-07 -4.1232945684477e-05
 3.2612641387431e-06 -4.1423941973928e-05
 3.7924548816903e-06 -4.1789756409116e-05
 4.0834725059113e-06 -4.113263397354e-05
 0.00052921311856768 0.00053181639474609
 0.00030621542439802 -0.0013016359483351
 -0.0028913124786463 -0.00076822028682821
 4.2533974955461e-06 -4.0417108297941e-05
 4.4624900414902e-06 -3.9670754238608e-05
 -0.00012992473968598 4.2805262570056e-06
 -0.0024190544266836 -7.6777846763409e-05
 -0.0035927634273989 -0.00045630226506505
 -0.00057473904796268 0.0023660873736685
 0.00015694341763606 0.001237282635408
 0.00012866370133935 0.00067622999981304
 0.00011665469621036 0.00042833758483507
 0.00010718739093107 0.00031723387078442
 0.00010164048563155 0.00025878201744756
 9.4423706446634e-05 0.00021394308849246
 0.00028136309618176 -1.8610137290986e-05
 0.00011241661427952 8.6350202302382e-05
 0.00013463066686287 0.00013326304640991
 -0.00012639647593149 -6.1715088697234e-06
 4.4852646574611e-06 -3.9313003253105e-05
 4.8788796522814e-06 -3.8574344876086e-05
 4.9440163678582e-06 -3.7842834727519e-05
 5.0872924823864e-06 -3.711909572135e-05
 5.1529857394428e-06 -3.6039506039032e-05
 5.1794548401318e-06 -3.4710240738089e-05
 -2.7206257870671e-05 -5.739031569485e-05
 -7.5660674709876e-05 -0.00014673067878546
 -0.0029329374312397 0.0011175118884749
 -0.00058171764767323 0.0014830438810121
 6.9508460320833e-05 0.00087285241477786
 0.00011856799749665 0.00052634696254727
 0.00011066631273238 0.00036158870531233
 0.00010445810388759 0.00028502903386113
 9.8359348825738e-05 0.00023558247697944
 8.9446202199639e-05 0.00019364523197318
 -4.9526764709207e-05 0.00056731190997651
 0.0004655872134649 -0.00021979055818726
 0.00025615266861362 0.00019071351244382
 0.00015626438300692 0.00010791098012676
 -6.5538638738205e-05 -0.00017108244188266
 4.5964609221016e-06 -3.8940973026924e-05
 4.7630258865894e-06 -3.8207891982833e-05
 5.0859169036244e-06 -3.7472016984452e-05
 5.3149273355757e-06 -3.6666599366852e-05
 5.198136646456e-06 -3.5370375346733e-05
 5.2090535103133e-06 -3.4048659283137e-05
 0.00011170664131555 2.2728582511178e-05
 8.4791410021268e-05 0.00017680527191788
 0.00037110182449496 -2.2378213948016e-05
 0.00012751512995612 0.0005510757967269
 5.1093221795639e-06 -3.3387607968227e-05
 8.1762947466757e-05 0.00016439742245469
 7.6110454049427e-05 0.00014152324178505
 7.2533614876136e-05 0.00012732563799536
 6.9360753077063e-05 0.00011574777409568
 6.6392610438726e-05 0.0001061806408123
 6.3635683765995e-05 9.719100023059e-05
 6.625737906063e-05 9.7108287330339e-05
 7.0467121314977e-05 9.9288878431802e-05
 6.5656728786223e-05 8.9088273842353e-05
 -0.00092778484517453 0.00038727675732936
 0.00049728519351433 -2.9867566504874e-05
 -0.00011792666642174 -4.2934325339417e-07
 -0.00010618091635783 -4.4370599194821e-07
 -0.00033292646913874 -0.00043635368091155
 -0.00096074173509297 -0.0012495967931749
 -0.0019270155296451 -0.0019394933825199
 -0.00019124103423573 0.00019940942602248
 -0.00015396603441853 0.00015203950643916
 -0.0001119740342419 0.00011684331627593
 -7.4024525962724e-05 8.577568113699e-05
 -6.3883567717582e-05 7.5233900233229e-05
 -5.5039911379673e-05 6.5651255662491e-05
 -4.6255978359833e-05 5.6106988166382e-05
 -3.8871251098416e-05 4.7911624095565e-05
 -3.5899333873268e-05 4.1361188087952e-05
 -5.6763911070123e-05 1.8343884758965e-05
 0.001608344080153 0.0012214210122168
 0.00084035557474671 0.00063081900802656
 0.00044171966349726 0.00033036794197983
 0.00031877092304355 0.00023843207303939
 0.007792167970285 -0.005935818080622
 0.00055790143388457 -0.00041884070353004
 3.8191380886232e-05 -1.9606277771533e-05
 4.2213745228281e-06 -1.0984922939772e-05
 5.5354465136048e-06 -3.0186674144672e-05
 4.0602922624089e-06 -2.2505386136906e-05
 -1.5662876542422e-06 8.9375027682026e-06
 1.3866499379844e-06 -8.141552675478e-06
 4.4792445503816e-06 -2.4193199947176e-05
 5.0727466760492e-06 -2.872972397916e-05
 5.0403917732922e-06 -3.007585299486e-05
 5.1174405655274e-06 -3.1401980637669e-05
 5.1036784203262e-06 -3.2725834843372e-05
 -1.0913226905052e-05 -6.5523280178947e-05
 1.5296954069544e-05 -5.2849833587665e-05
 7.9031622298942e-05 0.00015303563571703
 7.4026439918384e-05 0.00013306495938785
 7.0838852678889e-05 0.00012148114723698
 6.7967917548373e-05 0.00011069918524736
 6.4711683133822e-05 0.00010154961209236
 6.3995519532511e-05 9.5897682386714e-05
 6.8475171033811e-05 9.8115394714493e-05
 6.9656467186263e-05 9.6385451692438e-05
 6.1091000173263e-05 8.1572878615987e-05
 0.00049410218017698 -3.0377083183875e-05
 -0.00010917537927968 2.2107748518518e-06
 -9.2996356571007e-05 1.3232344317382e-05
 -0.00069558197107078 -0.0009939661841345
 -0.0016214626754008 -0.0019627466060572
 -0.00087988463765698 -0.00030531879085993
 -0.00028884038326882 0.00017950087432617
 -0.00017724744037317 0.00016452282744317
 -0.0001332083632215 0.00013357007712766
 -9.0092594581703e-05 9.9125962345514e-05
 -6.7846932304438e-05 7.9688297187186e-05
 -5.9391521056162e-05 7.039177219792e-05
 -5.0658436790751e-05 6.0891633326343e-05
 -4.1971096790383e-05 5.144900653542e-05
 -3.5910902227765e-05 4.5812255246913e-05
 -2.4355856851316e-05 4.5583157664897e-05
 7.051142819604e-05 0.00011377089879069
 0.0027666446735041 0.002124337669549
 0.0012156122789865 0.00091673858983627
 0.00060865396344378 0.00045592969271287
 -0.0020887237286082 0.0015954314556406
 -0.00015176486590818 0.00012517453867239
 -1.1157638837744e-05 1.0817318568168e-05
 3.1522523347149e-06 -1.9280643723474e-05
 7.9135439303712e-06 -4.3983923379454e-05
 -2.0297525864521e-06 1.1654152767382e-05
 4.4964258094637e-08 -4.7270186132042e-07
 3.0335377996238e-06 -1.6325968730357e-05
 4.9245092803574e-06 -2.8186134449881e-05
 5.1591859389077e-06 -2.9424976994208e-05
 5.0543034646466e-06 -3.0740517482197e-05
 5.2259894562923e-06 -3.2062708696712e-05
 -0.00020799508053049 0.00044310247636914
 6.1848698003075e-05 6.4693157068252e-05
 5.6499349391004e-05 5.7377481304854e-05
 2.0144596803107e-05 2.0023393586754e-05
 2.694765228739e-07 5.3480025030694e-07
 -1.3282311215335e-06 4.3196278243229e-06
 0.0027127318527533 -0.0028205621645725
 -0.0012634117569661 -8.5602968091791e-07
 0.0040906309756785 0.0002374836526422
 0.0015531820116053 -0.0054089112937965
 -0.0011455380769867 0.0021628117401664
 0.0030305239243269 -0.0024186097324654
 5.7103753292154e-05 7.4385360656848e-05
 4.0796781604513e-05 5.1999052864238e-05
 1.9050644620933e-05 2.414878372714e-05
 1.4786768616659e-05 1.8101447734953e-05
 2.8964175914581e-05 3.5771345173075e-05
 3.8961288531425e-05 4.7209642670465e-05
 -0.00090630970466421 0.00046911960969254
 0.00066143466624524 -4.0558524210588e-05
 -0.00014461209539257 -2.4530623469743e-06
 -0.00040238416101832 -0.000243582470383
 0.0013642922040426 0.0010891970700732
 0.0077922663624452 -0.0057377046290816
 5.0624425297463e-05 -6.0598358418318e-05
 6.2922461221859e-05 6.4501758766156e-05
 3.9266793645965e-05 3.9759405566109e-05
 7.2929647920716e-06 7.1654398521304e-06
 -5.859745293435e-07 -2.1010815185463e-06
 0.0018336305971935 -0.0018072545476944
 0.0010047105122268 -0.00067271999616647
 0.0040386178474208 0.00066602878329203
 -0.0014110767000446 0.0012928429805048
 0.0014639250663677 -0.0056998291289716
 0.0031124516887822 -0.0029576825346678
 -0.00072397773440969 0.00075347696769912
 5.0993608851968e-05 6.5035790060564e-05
 3.0319431409964e-05 3.8458045110046e-05
 1.1603114629111e-05 1.4496815284648e-05
 2.2249748472092e-05 2.7359947553096e-05
 3.5518594856399e-05 4.3567279094381e-05
 4.0385831102441e-05 4.8431779257285e-05
 4.2119809382513e-05 4.9988394132727e-05
 0.00088620191337796 -5.4149314139607e-05
 4.3884295074292e-05 5.1389793386036e-05
 4.6744850745739e-05 5.3474869460057e-05
 4.954351816977e-05 5.5671433840887e-05
 5.6237437132012e-05 6.1350757093681e-05
 6.1656095155627e-05 6.5651669684197e-05
 0.00032652740684469 -3.8979615343049e-05
 -0.00094067837309098 0.00027232835562807
 8.1149421581772e-05 3.9667423357648e-05
 -0.0020878939173734 0.00099204339106129
 0.00033500287529586 -9.9717057786108e-05
 4.5217742087544e-05 5.2515101280015e-05
 4.7928090296523e-05 5.4322737025547e-05
 5.2773638337555e-05 5.8278808999557e-05
 5.9776558160252e-05 6.438066045078e-05
 0.0012110057158345 -7.4905581002094e-05
 5.0322917314105e-05 0.00018311635315893
 0.0016077710651281 -9.605043982519e-05
 -0.00095294616128783 0.00023850818975493
 0.00011918012778472 0.00011901482683345
 0.00016176989833455 0.00014630660967739
 0.00028436275246357 0.0002614666536771
 0.00055935872265422 -0.0010106153743161
 0.00084468299451557 -0.00020738677377663
 0.0023673716742785 -0.00015445622986121
 0.00021414673193082 0.00019770730873737
 0.00037848758937037 0.00034833648954286
 0.0026724946177268 -0.00012894133648855
 9.2339607515868e-05 8.680735028177e-05
 0.00083450943260743 -0.00018131399106969
 -0.00098018477221373 0.00011202621237325
 0.00050755362405169 0.00046715578288301
 0.00093393475703601 0.00086004889706587
 -0.00014924772743008 0.00027006692148635
 0.0021076062131631 -0.00088201259886223
 -8.5908422150283e-05 0.00049102863149353
 0.00067978006412134 0.00062602750149005
 0.0012242810354928 0.0011304532492192
 0.00021112149434543 0.00047282097724088
 0.0018685529051183 0.0017109191311493
 5.438889544962e-05 8.149165749094e-05
 -5.655670920035e-05 -0.00012669060623693
 -0.0009621406686513 -2.7615443213211e-05
 0.001916206932771 0.0017445929269062
 -0.00084054719424387 -0.0013960584269085
 -0.00287379646538 0.0024299755521147
 -0.00041991188302859 -0.00046277658007511
 -0.00085026511802511 -8.7659342176791e-05
 3.72888878033e-05 -6.9644965203314e-05
 0.0022585746118018 -0.0016237284335499
 -0.0003251116380818 0.00019831679254123
 -0.00039988021419157 0.00020822257358577
 -0.00051571321032073 0.00021858572794997
 -0.0007078223938054 0.00023088792272707
 -0.0011170300239978 0.00014483970510204
 -0.0017126469748585 4.5236501179602e-05
 -0.0037577044655217 -0.0015015209959484
 0.0020753550169541 -0.0038079302578167
 1.5154253187433e-05 3.3945547620373e-05
 0.00047404939694021 0.00054800271410815
 -0.0016801925629437 -5.7256805345962e-05
 -0.0014605067699875 0.001183709920147
 -0.00079618415199434 -1.1389173845969e-05
 -0.00029829419448568 0.00019435968949322
 -0.00035887829032077 0.00020302449686849
 -0.00045046479208233 0.00021359265761922
 -0.00060550464235398 0.00022277168192253
 -0.00087189891223338 0.00020777675890971
 -0.0013792156144076 7.2756824542441e-05
 -0.0021924286271484 -0.00066281957270276
 -0.0011738287765037 -0.0037408292786005
 -4.0573311927972e-06 -9.0955523021075e-06
 -0.0002845737912477 2.0776976926179e-05
 5.306412214523e-05 6.9241704500289e-05
 4.6765651731562e-05 6.4409194040049e-05
 1.0941812540466e-06 2.4372839904085e-06
 -0.000155787148934 0.00023160456490234
 -0.0002012893473553 0.00019188195936426
 -0.00061491593941909 -0.0010497948009021
 -0.00096475876130597 -0.0012291655973691
 1.8212175589838e-07 8.4994033596464e-06
 -0.00027673759462421 0.00019105482562298
 4.7199238252915e-05 6.4525781664937e-05
 -2.9119592426241e-07 -6.5290540118834e-07
 5.0157585135935e-05 7.0143275301859e-05
 -0.00022295171454115 0.00019848241492976
 -0.00020957888835096 0.00018407813581189
 -0.0003075325079287 -0.00069281111534664
 5.3026042223792e-08 1.7439249566653e-07
 -1.0324356480851e-08 -4.6037913592478e-08
 5.3355973257396e-05 7.5457296281556e-05
 -0.00022137836390257 0.00018805177686454
 -0.00024275144479374 0.00018663297328492
 -4.3467653512153e-06 -4.3946236999437e-06
 -0.00013120068504691 -0.00043911045337969
 1.8643431033638e-05 5.9492361818014e-05
 1.6063102911801e-05 3.7915953125189e-05
 1.7588082883435e-05 4.4447325629138e-05
 1.9044186590378e-05 4.9710724253083e-05
 1.9899737480955e-05 4.9520127262337e-05
 -3.8017909496091e-05 3.5645615622415e-05
 -0.00025783057402268 0.00018811257563056
 0 9.2045050470446e-09
 -0.00023194816246197 0.0001875831353495
 -7.0289674535928e-05 -0.00021613334133819
 2.2033863452009e-05 7.9128024852104e-05
 1.7011833790548e-05 4.6229427843825e-05
 1.662084512688e-05 4.0370360488429e-05
 1.8405039739378e-05 4.8035257944834e-05
 1.9420327259212e-05 4.9587128490458e-05
 2.0230587718828e-05 4.9527226364421e-05
 0 0
 5.6669845477586e-05 8.1626930954926e-05
 2.105278841924e-05 5.0526142311713e-05
 3.5527136788005e-15 0
 -3.5527136788005e-15 0
 0 0
 0 0
 2.1933196020285e-05 5.2275886889275e-05
 2.3959120778017e-05 5.5698846743724e-05
 2.6244457121294e-05 5.9531751118502e-05
 2.883832145173e-05 6.352062126358e-05
 0.00015180221151567 -0.00015106576817892
 0 0
 0 0
 3.5527136788005e-15 0
 6.0089124026774e-05 8.8422073059036e-05
 2.2839414668852e-05 5.3971629335514e-05
 2.4949099753258e-05 5.7545471909171e-05
 2.7573051863072e-05 6.1515038864313e-05
 2.9948608833763e-05 6.5140021957566e-05
 -3.5527136788005e-15 0
 6.3722789455767e-05 9.5534996274793e-05
 6.6324691623265e-05 0.00010329955819977
 6.4198652811598e-05 0.00010505867006882
 5.6956235248151e-05 9.7059352134332e-05
 4.6938652975115e-05 8.3172189201397e-05
 4.0684655072454e-05 7.4763879083228e-05
 3.6646619154368e-05 6.9259632156538e-05
 3.474282316418e-05 6.7545956205617e-05
 3.0992223702953e-05 6.6219351836816e-05
 3.3053232257885e-05 6.8325222292831e-05
 3.4253259119765e-05 6.8708667960715e-05
 -0.00056886294168557 0.00056861051402118
 6.6394299562234e-05 0.00010120078021014
 6.505664678258e-05 0.00010386358901426
 6.1773770951845e-05 0.00010327674901767
 5.2026292014062e-05 9.0110861554749e-05
 4.2969187216357e-05 7.7787846759048e-05
 3.8792190856896e-05 7.2144126207929e-05
 3.5121377635505e-05 6.7442350927926e-05
 3.2082372293019e-05 6.7220116650724e-05
 3.3704608249252e-05 6.8979048372109e-05
 3.440719520853e-05 6.8161362735131e-05
 0 0
 0.0021233698393441 -0.0021233313049775
 0 0
 -0.0079246667680177 0.0079246660967928
 -0.0079246667680177 0.0079246774421485
 -0.00056886294168557 0.00056894112402106
 0.0021233698393441 -0.002123388050723
 0.00015234451054447 -0.00015244658509683
 -4.0803181285298e-05 4.0849278715616e-05
 3.5527136788005e-15 0
 1.0900752979381e-05 -1.0944740028385e-05
 0 0
 -3.5527136788005e-15 0
 -2.8325877821089e-06 2.9239365711975e-06
 0 0
 5.5151484446014e-07 -7.6538636861745e-07
 0 1.5302610778534e-07
 0 0
 0 0
 0 0
 0 0
 0 0
 0 0
 0 0
 0 0
 0 0
 0 0
 0 0
 0 0
 0 0
 0 0
 0 0
 0 0
 0 0
 0 0
 0 0
 0 0
 0 0
 0 0
 0 0
 0 0
 0 0
 0 0
 0 0
 0 0
 0 0
 0 0
 0 0
 0 0
 0 0
 0 0
 0 0
 0 0
 0 0
 0 0
 0 0
 0 0
 0 0
 0 0
 0 0
 0 0
 0 0
 0 0
 0 0
 0 0
 0 0
 0 0
 0 0
 0 0
 0 0
 0 0
 0 0
 0 0
 0 0
 0 0
 0 0
 0 0
 0 0
 0 0
 0 0
 0 0
 0 0
 0 0
 0 0
 0 0
 0 0
 0 0
 0 0
 0 0
 0 0
 0 0
 0 0
 0 0
 0 0
 0 0
 0 0
 0 0
 0 0
 0 0
 0 0
 0 0
 0 0
 0 0
 0 0
 0 0
 0 0
 0 0
 0 0
 0 0
 0 0
 0 0
 0 0
 0 0
 0 0
 0 0
 0 0
 0 0
 0 0
 0 0
 0 0
 0 0
 0 0
 0 0
 0 0
 0 0
 0 0
 0 0
 0 0
 0 0
 0 0
 0 0
 0 0
 0 0
 0 0
 0 0
 0 0
 0 0
 0 0
 0 0
 0 0
 0 0
 0 0
 0 0
 0 0
 0 0
 0 0
 0 0
 0 0
 0 0
 0 0
 0 0
 0 0
 0 0
 0 0
 0 0
 0 0
 0 0
 0 0
 0 0
 0 0
 0 0
 0 0
 0 0
 0 0
 0 0
 0 0
 0 0
 0 0
 0 0
 0.00052538566171645 -0.00095511271314574
 0.00062567351133458 -0.00090066037991399
 0.0006701284942805 -0.0011481450345378
 0.0005519230537141 -0.00091545008047378
 0.00056533988528162 -0.001024373777217
 0.00083114614831015 -0.0013404461840504
 -0.0035769799259899 0.0035309104721075
 -0.0013192698015878 0.0013336462291214
 -0.000490787394547 0.00053719088453819
 -0.00026948227588974 0.00028014079353955
 -7.0872930990618e-07 9.3786690660291e-06
 1.2502425867922e-06 9.4527268441613e-06
 3.217124394439e-06 9.3350835683736e-06
 5.104606353612e-06 9.1104302906153e-06
 -2.6407530384631e-06 9.3101776124094e-06
 -4.5467008416011e-06 9.1903833083773e-06
 6.7693514971268e-06 8.992042587197e-06
 -6.3725906684908e-06 8.9960456717275e-06
 8.7222772808815e-06 8.7280899521147e-06
 -8.1066878738767e-06 8.8875730495097e-06
 1.010312885974e-05 8.7753365241028e-06
 -9.7426960810054e-06 8.810701592088e-06
 -1.1307135221017e-05 8.6619423882439e-06
 1.1147102293663e-05 9.0987267526987e-06
 1.3679028405988e-05 8.0124515560165e-06
 -1.2904968351712e-05 8.6297732655449e-06
 -1.4673079149929e-05 8.6037215241141e-06
 1.576717825813e-05 7.2313713594951e-06
 1.1141333992271e-05 1.2941011732215e-05
 -1.6279286640497e-05 7.319566339703e-06
 -1.7044544465605e-05 5.297995273601e-06
 -1.6662352131824e-05 8.9725740308744e-06
 -1.6544811722419e-05 6.6306920640802e-06
 2.3244392370003e-05 1.998593465391e-06
 2.2789206706619e-05 2.0622108409807e-06
 2.437262811128e-06 1.9840924721404e-05
 -1.7841314608802e-05 7.7832513925014e-06
 -1.8790842068128e-05 4.1396220917811e-06
 -1.3094042576434e-05 3.5325983804846e-06
 -1.6101836142646e-05 3.5551719170801e-06
 -1.8165311114871e-05 2.6192572772921e-06
 -1.0461923382721e-05 4.6469634373825e-06
 -6.9301863474536e-06 2.1994418153426e-06
 1.8258987362074e-05 -3.9012506556801e-05
 1.2122642665702e-05 8.4469702010814e-06
 0.00013122871989957 -0.00010534320549249
 -0.0011644100136809 0.00119186668654
 -0.0041135594299 0.0041382557311869
 -0.0083003048352488 0.0083257964272521
 -0.012154003720738 0.012169338607467
 -0.012581773522154 0.012583350712535
 0.00010175095768439 -0.00014816698282538
 0.00028301610596504 -0.00035535348514881
 0.00055143228010479 -0.00062766782180179
 0.00080316123170121 -0.00086067037050697
 -0.0088738761488631 0.0088445771531203
 -0.0045730395774299 0.0045287159018614
 0.00088710526059055 -0.00093158738521915
 0.00078295550430285 -0.00086558101275669
 0.0006059932609892 -0.00076817940044793
 0.00099191097298812 -0.0016700206676805
 -0.0022290315712112 0.0022123227994819
 -0.00077117899263612 0.00080902355304802
 -0.00037393501809291 0.00040541693255358
 5.8660014840228e-05 -2.8471337168767e-05
 2.60658980622e-07 9.4240405470458e-06
 2.2549535767524e-06 9.424842866812e-06
 -1.6716864070787e-06 9.3423348712651e-06
 4.1640492565165e-06 9.2218782847819e-06
 -3.6029513648117e-06 9.2613558921872e-06
 5.9428694125785e-06 9.0241639083555e-06
 -5.47263096351e-06 9.101343629192e-06
 7.6923070935209e-06 8.936039976648e-06
 -7.2482455433232e-06 8.9188954315311e-06
 9.5732961682415e-06 8.6042404336961e-06
 -8.9394319875424e-06 8.8570527183585e-06
 1.055966460406e-05 9.0342180547598e-06
 -1.0529385635394e-05 8.7328249496199e-06
 -1.2091302451722e-05 8.6341574592197e-06
 1.2198850154022e-05 8.744906710545e-06
 1.5144033071124e-05 7.2312073433611e-06
 -1.3769739935832e-05 8.6702910289116e-06
 -1.5538054785935e-05 8.1399326465892e-06
 1.4091084093337e-05 9.459169726389e-06
 1.7126676342016e-05 7.5924378606373e-06
 -1.6813733595633e-05 6.3471650777469e-06
 -1.6450332471329e-05 7.8688315645614e-06
 -1.6776125495888e-05 5.4291210560553e-06
 2.5942519098265e-05 -6.9791512058437e-07
 1.3885908964895e-05 1.0065334395071e-05
 -3.4829724793184e-06 2.4190235193622e-05
 -1.7182813678573e-05 9.093448848585e-06
 -1.8448453907638e-05 5.9140079204933e-06
 -1.8696486514536e-05 2.8327353152058e-06
 -1.4648666989636e-05 3.5152222461754e-06
 -1.7277906910529e-05 3.1415687358205e-06
 -1.1641422676512e-05 3.9666414770601e-06
 -9.510586751027e-06 5.4068286403641e-06
 9.298710930139e-07 -1.1649531916236e-05
 6.991824013447e-05 -4.7576925239046e-05
 -0.00023992813913942 0.00026913554741514
 -0.0024476364907358 0.0024710724369901
 -0.006109705431971 0.006136857360804
 -0.010442798635321 0.010464322196624
 -0.012973322886525 0.012982380280569
 -0.011056978714805 0.011045081362479
 4.9604852610408e-05 -8.2903098951981e-05
 0.00017957477234098 -0.00023981178044941
 0.00040976422849592 -0.00048615356517434
 0.00069035827661068 -0.00076331115334538
 -0.006586628113233 0.0065436543760071
 -0.0029905013000295 0.0029615879712694
 0.00087104774424285 -0.00091325587085245
 0.00085642014918674 -0.00091492813742744
 0.00068735720193924 -0.00080866532227986
 0.0011368449754681 -0.0020819066301113
 -1.6987885070208e-05 4.7975311778803e-06
 0.00014764427985625 -7.6026789689987e-05
 0.00014755472005135 -3.5935444079094e-05
 3.6586892484536e-05 1.5212567205936e-07
 -0.00011460306432909 3.7773924683737e-05
 0.0012500299222706 -0.0024959178699004
 0.00016041145265433 -5.6141339555671e-05
 0.00010535645769849 -1.4671887884621e-05
 -4.2308838018812e-05 1.9519872082041e-05
 -0.00013763994497396 4.4900281368943e-05
 0.0014432320032955 -0.0028841409808218
 -8.4726898410992e-05 4.9888256895558e-05
 9.1712459411752e-05 5.3626722222866e-05
 0.0022859331725218 -0.0030620149657173
 0.00043174092674292 8.8264859405829e-05
 0.0040632723219134 -0.0030428346436003
 0.0064494054463751 -0.0030965635834641
 -0.072773231828379 0.022835742785329
 0.00066091201792418 1.2503074726666e-06
 -0.063739221158855 0.014154500748151
 0.0091676737952144 -0.0033970469574802
 8.6618528660765e-06 5.2586698200408e-06
 -0.048984925604767 0.0013890960257266
 0.0010022071989226 -0.0002565532087655
 0.011739111653327 -0.0040176120628441
 9.3583410674114e-06 5.6474558889352e-06
 -0.080461586972562 0.023357317526586
 0.0023881748879937 -0.00047936044058994
 9.969345843075e-06 6.1230878094509e-06
 0.0013611169423022 -0.00041762827444347
 0.0029345493650901 -0.00022231773584758
 0.09223274277504 0.0086558595610762
 1.03025972642e-05 6.710807583632e-06
 8.8689398518582e-06 7.8875423878966e-06
 4.3788670591738e-06 8.5935348623778e-06
 5.9645145311649e-06 9.0056264736571e-06
 1.5589732545784e-05 8.6300068491418e-06
 1.048657466729e-05 8.0769458519203e-06
 -2.550399802459e-07 5.5952577169283e-06
 -6.6399046758647e-06 3.4676236291276e-06
 -7.505486374626e-07 3.8288906292205e-06
 -1.3242463658969e-07 3.0827823336299e-06
 3.061831304052e-07 2.4824429252224e-06
 -1.6230383934612e-06 4.6534493212125e-06
 5.9568349897177e-07 2.0528621575977e-06
 -2.828226959295e-06 5.5332446853296e-06
 -4.3718817277494e-06 6.4513500694918e-06
 8.3465925637682e-07 1.7862044918715e-06
 -6.2198556491921e-06 7.3935019970772e-06
 1.0648950539149e-06 1.4607897182994e-06
 -8.2728744459359e-06 8.3243270965205e-06
 1.3020406584019e-06 1.2627659937703e-06
 -1.0413364641693e-05 9.2710059207413e-06
 -1.3129131533063e-05 1.017929382563e-05
 1.6114774457066e-06 1.2699267133431e-06
 1.8576573932449e-06 1.4507144461273e-06
 -1.5393569267275e-05 1.1148715201248e-05
 -1.6557572955378e-05 1.2243375691501e-05
 2.6032169007095e-06 1.7940144110273e-06
 3.4103022032994e-06 2.4027333418442e-06
 1.3149478945707e-05 1.3144536701759e-05
 2.4741974198328e-05 2.6517878093824e-05
 -1.5568182478276e-05 1.3533654340758e-05
 -2.1821904772956e-05 2.5724235767077e-05
 -4.9782721181391e-05 2.8849123219654e-05
 -1.1602307367298e-05 1.5062143365441e-05
 -8.1422672355558e-06 1.6451047481603e-05
 -1.8155146591425e-05 1.6404712671614e-05
 -1.3574126276339e-05 1.6967189993e-05
 -7.42411465815e-06 1.7379956692709e-05
 -3.9502156230498e-06 1.7514490702197e-05
 -0.036166873158269 -0.0095295215186084
 -2.1865672970023e-06 1.7141650986652e-05
 -1.3890089487489e-06 1.6283626253388e-05
 0.0018027598202117 -0.00038571480693972
 0.0033257180050619 0.00015124863832727
 0.013730632427225 -0.0046855354180675
 0.095654058800395 0.0071015778468184
 1.0044787488894e-05 7.3418763626432e-06
 6.7803984435955e-06 8.2863258821231e-06
 3.0202690375347e-06 8.8996871514535e-06
 1.2361597639732e-05 8.8016111925437e-06
 1.4162060726797e-05 8.5081278951016e-06
 5.3522599836597e-06 7.0924459900645e-06
 -5.0535198532486e-06 4.0293549441461e-06
 -1.8862154993471e-07 6.2250693966259e-06
 -4.1564486874535e-07 3.4418544201387e-06
 1.0888023638245e-07 2.7632809667111e-06
 -1.1476659915743e-06 4.2342692330166e-06
 4.6141049203641e-07 2.2418763119259e-06
 -2.1832605412442e-06 5.0867492453754e-06
 -3.5574863375132e-06 5.9893997284011e-06
 7.1691379055494e-07 1.9146565182204e-06
 -5.2600288462656e-06 6.9200042338569e-06
 9.5146760692444e-07 1.6257000403641e-06
 -7.2350361399742e-06 7.8608488653931e-06
 1.1786442994932e-06 1.3348094862753e-06
 -9.2703908460834e-06 8.8000306062153e-06
 1.4502328689048e-06 1.2439836147848e-06
 -1.1800786248628e-05 9.7212411442893e-06
 -1.4344475717465e-05 1.065390042343e-05
 1.7294758363207e-06 1.3389071249481e-06
 2.2343865930807e-06 1.5914509545745e-06
 -1.6172567782746e-05 1.1674473519019e-05
 -1.6400256436455e-05 1.2860601416254e-05
 2.9813568209747e-06 2.0804779259365e-06
 2.4785939390259e-05 2.1080203171042e-05
 6.5172428262983e-06 2.7670839547023e-05
 -1.3956023655837e-05 1.4272615187938e-05
 -4.5143002824766e-05 2.4741852438837e-05
 -2.7724930510065e-05 3.9815769369955e-05
 -8.7989216925877e-06 1.5859642399585e-05
 -1.2901053226599e-05 1.6528486377787e-05
 -1.7430753390002e-05 1.660549704896e-05
 -1.0170251451669e-05 1.722286255279e-05
 -5.4088351699733e-06 1.7480356268029e-05
 -2.9448482123939e-06 1.7437785424734e-05
 -0.082537992775913 0.018123597974436
 -1.6383654006802e-06 1.6704745853247e-05
 -1.4471151725814e-06 1.5951741753506e-05
 0.088909529721195 0.0074540545408754
 0.0020790227036862 -0.018545956269243
 -0.0079512090909475 -0.028700018167708
 0.0034302693780432 0.00050635552868505
 0.0019001994722281 0.00076202687206428
 0.014647972082714 -0.004774286856025
 -0.019033674171481 -0.058395398162918
 0.0024445214203587 0.001334501410118
 0.0031503840112611 0.0011740260186386
 0.091849964723691 0.005933803539885
 -1.8385140236887e-06 1.5690075254371e-05
 -2.3702083602473e-06 1.5049592314575e-05
 -1.8875464053991e-06 1.3858687357482e-05
 -6.7344106113865e-07 1.1820582280553e-05
 1.0126038318958e-07 1.0025418577975e-05
 -6.2980520212363e-06 1.3834029526816e-05
 1.891882638505e-05 5.7331109665215e-05
 0.00011863125739042 0.00010349974969781
 -0.018921632036922 -0.019626477455266
 -0.081210030054271 0.0060744302354641
 -0.0014375790932988 -0.023695495941159
 0.0030607260969724 0.00073139505815267
 -0.00070918234569106 0.00032670332417184
 -0.017685228160302 -0.064619244553104
 0.0030517971149428 0.0015052607758531
 0.0028009126497729 4.3975891114947e-05
 0.086974621439222 0.0090293613652359
 0.091081291723181 0.0060528261316271
 -2.3229698538074e-06 1.5413642651563e-05
 -2.1773294598404e-06 1.4560811963049e-05
 -1.3480790546083e-06 1.29243383995e-05
 -2.2784025155431e-07 1.087318638282e-05
 -1.1830463986229e-06 1.0445881517551e-05
 -6.8817630261009e-06 1.3854599075436e-05
 7.7494662956035e-05 7.9750654362609e-05
 0.00013814785634425 0.00011586354350457
 -0.07176120977029 -0.015198205281205
 0.0014014324026788 0.00087597752624299
 0.0021975815093143 -0.0024134406285505
 -3.2344309666144e-06 1.0729154288458e-05
 -0.076567889356611 -0.010520701451203
 -0.00032034591355767 -0.00048999548189506
 -0.00026109185221657 -0.00039778275050737
 -0.0001711556442352 -0.00031510500478266
 -0.00025200572275708 -0.00061260538349758
 -0.00017710245798597 -0.0009048464718478
 -0.00088988885871544 -0.0018094130493967
 -0.00087718330226849 -0.0028858336572319
 0.0017939069928765 -0.0059398473839741
 0.0037349591006404 -0.011621546036737
 -0.0052876042290215 -0.00099573579079393
 -0.022755131407817 -0.041405328389899
 -0.0029921006649566 -0.057892636283338
 -0.0091717256552959 -0.067460384245943
 -0.00058888408386282 -0.037593772815269
 0.053905130913577 0.022691296311391
 0.039368864425457 0.018004194643219
 0.020141575493461 0.0090908396545077
 0.063507454657671 0.022592845756355
 0.005511744868498 0.0020518134012641
 -0.0024297664709181 -0.0014900624893146
 -0.0035677030496741 -0.0022392064298131
 -0.0024623025638568 -0.0012338532715841
 -0.0014381697424578 0.00010220230930624
 0.00028120535828163 0.00030642347863674
 0.001360931256248 -0.0075011325718591
 0.083129251327476 0.0094631711924325
 -1.5152312711209e-05 1.8131447499736e-05
 -2.0991967843997e-05 2.0009414579358e-05
 0.00016817358317844 -0.00011926376060323
 1.8664386551848e-06 6.1098526136227e-06
 6.2335573272065e-06 8.8697244160496e-07
 1.8584615178341e-05 8.9655608326744e-05
 -0.00033453545045825 -4.7295562372707e-05
 0.031586993948047 0.010538696735377
 0.019079457629149 0.0060820498116307
 -0.063617977279774 -0.023820030162761
 0.0016281802787419 0.00052377280559956
 -0.017629949499288 -0.032164754466803
 -0.0003017605170399 -0.00044180084926689
 -0.00021370495615258 -0.00035575543682567
 -0.00030377270363502 -0.00054470172276119
 -0.00018374907788399 -0.0007130732921441
 -0.00036176328365656 -0.0012667417861087
 -0.0013568849997299 -0.0022892923807516
 0.00031230820076189 -0.0040988973797331
 0.0030920260795142 -0.0084443100057189
 0.0032307532122324 -0.015432054801452
 0.014130602262724 -0.003212302312631
 -0.0054142278566077 -0.064711265784418
 -0.014090321232332 -0.064468798874138
 -0.0015256950645921 -0.048764934653253
 4.8607537729783e-05 -0.025171578061898
 0.047853069956754 0.021091826564059
 0.029436590076217 0.013598187166157
 0.05891949731842 0.023183287850387
 0.01204955812464 0.0051281915612578
 0.00065750597800029 -0.00012670869816001
 -0.0036390503921071 -0.0021576763198261
 -0.003027571850674 -0.0018649791618217
 -0.001905341477916 -0.00050322787922363
 -0.0010531403431105 0.00043672039881459
 0.086844384152553 0.0059257704672091
 -3.0500188895388e-05 2.8010456636474e-05
 -1.0576356809011e-05 1.242868911866e-05
 -4.2684060577614e-05 4.0958487944831e-05
 0.00010498575455919 -7.279729028864e-05
 5.7994189486266e-06 2.0850291914121e-06
 4.2100381900667e-06 1.1946651073957e-06
 -0.00025974860374589 1.3487674215273e-06
 0.042758766766255 0.01487739069578
 0.028103729208409 0.0093515370475523
 0.016903101131229 0.0053938547539329
 0.00014473456564712 9.5351898755869e-05
 0.004516335032791 0.0013595156064947
 -0.0064058467180341 -0.022536530160476
 0.00068610331288795 -0.014553371720753
 0.0088299084112879 0.0027137328665108
 -0.0035835533926872 -0.020484040958534
 3.8077782100743e-06 4.2350769006161e-05
 1.7179533681855e-05 3.4328045813048e-05
 2.2626834088157e-05 1.9106332115326e-05
 1.6494779043086e-05 4.3053512899238e-05
 -0.039016294023909 -0.035303516135778
 -0.00011565726610741 -0.00022907427884553
 -0.00011400324692445 -0.00017969998512374
 -0.00012532327535908 -0.00015325657976872
 0.012356588759735 0.0011815933026233
 -0.026149141419762 -0.022655527130801
 0.062650627291183 0.020527039037945
 0.065327762497165 0.018615887120487
 -0.0008703171495078 0.000378298296278
 -0.00052662747629295 0.00032956932966388
 -0.0003333672748328 6.9628739922056e-05
 0.079907447460731 0.0097543921306209
 4.3502184432498e-07 2.5080800166721e-06
 -0.00024390195187607 0.0001878188007941
 0.054514336174628 0.019658649441617
 0.076085942205916 0.02882588555214
 0.014383637671169 0.0045798969338489
 1.2829146776028e-06 2.7843022083474e-05
 9.9335718743987e-06 4.3216122500134e-05
 2.1922742128311e-05 2.3757115258149e-05
 2.0048716251608e-05 2.5224681905023e-05
 -0.028633521694744 -0.031368972205135
 -0.00013805366501884 -0.00026047905653068
 -0.0001070461017143 -0.00020151281879144
 -0.00012568095560184 -0.00016519403817938
 -0.00011391062836452 -0.00013889397158656
 1.5697450862717e-05 6.8981131079893e-05
 -0.011480245866654 -0.0035215389515831
 0.010678154072699 0.0081494801847916
 0.017042888085435 0.007428630152893
 0.064379419305278 0.019707868475563
 0.065728045489409 0.01751357747882
 -0.00055574449273499 0.00047589225464661
 -0.00056993652557602 0.00011804760257822
 0.00025648275310935 0.00022343362745253
 0.077173242483915 0.010035747990011
 0.076878576073668 0.0060831282186671
 -0.00078226798107117 0.00058595286860874
 0.066016835634711 0.024490223818858
 -0.057449497557333 -0.03832424662493
 0.0031751587694049 -0.021319918148913
 -9.757620714268e-05 -0.00012230928527379
 -0.018858699261234 -0.0091328946489277
 0.07487584810954 0.01031138807252
 0.072694292381014 0.0060336203122167
 -0.0015725221832597 0.0011739839053354
 0.083220730840763 0.031937218335172
 0.010927916169611 -0.020504608847826
 1.8281891527749e-05 9.7201046521445e-05
 -8.0622395909558e-05 -0.00010472356273072
 -5.0684912483945e-05 -6.7268443476487e-05
 -2.8776493273597e-05 -3.19690962991e-05
 -1.4366684929712e-05 -7.621494583554e-06
 -6.2488702567975e-07 1.1088980626184e-05
 -0.036664546822767 -0.02183224508631
 -0.043943136904645 -0.031844859314466
 1.0925825627339e-05 0.00010885984148401
 -0.020040637061342 -0.0082861553870751
 0.012675121652398 0.015618215607128
 0.065946864625558 0.016487228593155
 0.066956695548187 0.0147961858831
 0.069146451991336 0.013459311900713
 0.072731751574548 0.010478172992671
 0.069444929339843 0.010795885790267
 -0.0027270398060431 0.0020433873400206
 0.0093035331907807 -0.018263394236209
 2.4757212496951e-05 0.00011396447523659
 -6.4862776348207e-05 -8.6324099790036e-05
 -3.8506038134045e-05 -4.8657645086214e-05
 -2.1194495683829e-05 -1.8093307569189e-05
 -7.5822006913029e-06 9.8238393819727e-07
 3.3537002579465e-06 2.6256093127897e-05
 -0.041758038998818 -0.027817744048874
 -0.043018312454976 -0.032886744110979
 8.1871097492581e-06 1.6602941000476e-05
 -0.029198835484532 -0.014962282222376
 -0.017662210028473 0.0041408668059009
 0.066316512040981 0.01558744392671
 0.070508843099996 0.012939581689775
 0.067919842583013 0.014084741505758
 0.070990139371578 0.010633991369543
 0.064445153683492 0.0035883810492114
 -0.031150565046165 0.023465611337846
 -0.0043881052650754 0.0033021948813107
 0.0862944269467 0.03277310239898
 -0.053342401523975 -0.050677632604457
 0.0205556790771 -0.014633493023219
 2.3933920481056e-06 -0.00013357997927765
 0.067866587195773 0.01093581899217
 -0.00010769685211898 -0.00041740174727689
 -0.0006225735419676 0.00031465553525578
 -0.015743637658368 0.0014167829668086
 -0.03711963966478 -0.0026224440863918
 -0.020511882889621 0.011718977255323
 0.064894809396858 0.011378229563946
 0.047446157240208 -0.0014145604863791
 -0.006710609856551 0.0050662788091531
 -0.014173618611833 0.010786742927226
 -0.025273250686693 0.019060741404831
 -0.044346874659987 -0.061909637598108
 -0.00035929229649767 -0.00016206259287399
 -0.00091471048367708 0.00080262334025827
 -0.0097027657978686 0.0022712932434956
 -0.02475048766328 -0.00021046156488813
 0.017956986935641 0.019123871894341
 0.066320017596163 0.011104622083555
 -0.0099188912265777 0.0075210664556475
 -0.019252778184429 0.01460485017054
 0.083208984640543 0.031483198366421
 -0.04756653013982 -0.055679266650153
 0.032680732026912 -0.007826122197355
 -0.031362881388743 0.023526993220063
 -0.0073732806108744 0.001885730658584
 -0.001338140812198 0.0012028158328641
 -0.043249535873947 -0.0041252805307308
 0.025147390408447 0.020499723697222
 -0.012354763139024 0.017973396819751
 -0.031351056226045 0.023465459099552
 -0.036196011383453 -0.056010066569767
 -0.0020609603181931 0.0014709188401767
 -0.038839162722114 0.029116351121698
 0.07528680963618 0.028591241896827
 -0.041594703406494 0.03126885093386
 -0.028744600908382 -0.051943103845584
 -0.0033234884273625 0.001586168763732
 -0.044321885137148 -0.0043886937586346
 0.032961370961742 0.018446388446042
 0.026761207188464 0.0041910864329233
 0.040711717724584 0.0009113226230848
 0.064872471896928 0.02480603889106
 -0.0054645547998753 0.0015180719060428
 -0.00071738113942543 0.018185287279384
 0.021191278308731 0.0042716082068271
 0.033198280540951 0.0032148851727217
 -0.03813957536037 0.028754721083004
 -0.021925739166124 -0.038294837722205
 0.0052151425024695 0.0147873561793
 0.0071173988650735 0.0024061130719757
 0.016274409715095 0.0036348938486801
 -0.025441440561725 0.037105521501852
 -0.01574150729747 0.056564761494366
 -0.053655857961097 -0.0012221882288723
 -0.052071966971386 -0.0047552994962818
 0.039570259537843 0.01844444741584
 0.01158720574789 0.0028903597032055
 0.0035147741761534 0.0020718317810903
 0.043256426062872 -0.0023871768285355
 -0.03074010223213 0.023213215238034
 0.062701565919335 0.023804699209461
 -0.017279867405865 0.055387253263041
 -0.041611665570461 0.013443061911806
 -0.017229286023038 -0.02662789049876
 -0.056288986070808 -0.0035645269284794
 0.045824421601102 0.018792747800809
 0.0011303312320123 0.0013348564211855
 -7.264658940187e-05 0.00055833816897255
 -8.7189309379454e-05 4.1139596663964e-05
 3.1730479125969e-05 -6.3604182591437e-05
 2.1561111470447e-05 -2.7142186716844e-05
 -4.8504471401145e-05 6.6708346979638e-07
 -4.571981249768e-05 1.645723979582e-05
 7.4475204314695e-07 2.1250480020552e-05
 9.2596773058062e-06 3.8804609501009e-05
 -0.03000104329538 0.022670247204585
 0.0067670988543234 0.011375337671641
 0.0030536102604692 0.0016530443240915
 0.00025618225253865 0.00092698418892945
 -0.00012785197942122 0.0002385002766031
 -2.3222704626846e-05 -4.4432316533616e-05
 4.5230950767916e-05 -4.8127691478994e-05
 0.051233634287158 -0.0063380175297433
 -1.7715908395388e-05 -1.0450101988635e-05
 -5.9259652925192e-05 1.0383022502225e-05
 -1.9046949098822e-05 1.8313093871125e-05
 8.1749061244807e-06 2.8448868162778e-05
 8.4413697614139e-06 5.0985669860282e-05
 -0.030564215995614 0.023115206779438
 0.059786492932506 0.022428893735821
 -0.016620923771025 -0.022385897256242
 -0.013659583668154 0.047345639198744
 0.011302929061 0.0095597485960676
 0.020726956061934 0.0082409705917313
 -0.012237829084249 0.017464186138434
 9.0198114932605e-06 6.270477270709e-05
 1.9403905323401e-05 8.2616463182861e-05
 3.8866974975349e-05 9.7980807252318e-05
 5.3435678204039e-05 0.00011140230446549
 -0.015786386741855 -0.018631107370627
 0.04030398098924 -0.0055790651332242
 0.051373535508155 0.019649192049481
 0.013296129401654 0.007318803462092
 -0.010004584739907 0.0099877588648045
 0.05843176118762 -0.0095780165654745
 1.2551656379145e-05 7.3266902196778e-05
 2.8641498900583e-05 9.0903048080015e-05
 4.7542561954828e-05 0.00010465788594494
 5.4802118359731e-05 0.00012075006479106
 -0.02454828350165 0.0185489260726
 -0.014601776103714 -0.015252590614415
 0.042638134824067 -0.0058689123856974
 -0.01933612454048 0.014574552037058
 0.056033734731588 0.020943491851057
 -0.012912324407388 0.03704815528401
 0.046625417693107 -0.007016705241494
 0.034233565899395 -0.0039329930924816
 0.018377546876404 0.0062118288253628
 -0.013970766639172 0.029855820233934
 5.7396071202476e-05 0.00013201593094925
 7.9930085000512e-05 0.00015112429064801
 0.00011160463687787 0.00016175443930599
 4.4662415927377e-05 0.0001688394191377
 0.00034442305198468 0.000129898230536
 -0.0017567370855396 0.00047080902036001
 -0.00054578633800162 0.00036211578990475
 -0.003285021833797 0.0010798318948937
 -0.0058959771386036 0.003752638160309
 -0.02004617194831 0.015651882261629
 -0.0017060451416561 0.0013395946191943
 -1.9428036411695e-05 0.00028298758399448
 -0.012864031499047 -0.012191292912666
 -0.0085827048343069 -0.0068259728286939
 0.02783548814331 -0.0018891368034268
 0.042981780330461 -0.006006687362233
 6.6073251044685e-05 0.00014360506737265
 9.2661910585434e-05 0.00015613955712723
 2.8989991101014e-05 0.0001922501987659
 0.00020408951014161 0.00017534089796323
 -2.2498150435979e-06 0.00025960776221234
 -0.0011383008246924 0.00041309580322491
 -0.0024434600516123 0.00064122402944289
 -0.0078601323191556 0.0068334553707259
 -0.0043957222787441 0.0020092394620121
 0.062962392333905 -0.011101524042114
 -0.019526820927805 0.014967116210135
 -0.0011993666885192 0.00067665278018492
 0.0021478595354784 0.00035958286191806
 -0.010728393931413 -0.0094002184497839
 -0.0065751703174102 -0.0044118674785893
 4.8377813058664e-05 0.00017362180735025
 -0.0047445802000116 -0.0021444919913114
 0.014977886141751 0.004452481439102
 8.6516336597953e-05 0.00014313187698445
 7.5827465781941e-05 0.00015369474493054
 -0.016487479277691 0.013260843372487
 0.0074811379490385 0.0016656616802787
 -0.0031207555997155 -0.00016061979638038
 0.051444203893439 -0.007871520220227
 0.028664423127154 -0.0028678937588203
 8.1157915193586e-05 0.00013822050957835
 8.4751840745412e-05 0.00014858186651345
 6.2966999362146e-05 0.0001563916296079
 0.064829406248503 -0.011378122271679
 -0.015777992826136 0.012450542572719
 0.0044515674936735 0.00082412427320666
 0.011205099917766 0.0029300814229196
 -0.0015188543559363 0.0012530784216669
 -0.0018651078812552 0.0011080450861602
 0.054719808868139 -0.0084754611681456
 -0.013935385872923 0.011614836843008
 -0.001279959265969 0.0010679486155983
 0.028541941768186 -0.0037216479496209
 0.065230458105084 -0.011034162409195
 -0.013085529852541 0.010666045641786
 0.05656723382009 -0.0090528019884203
 0.024612000578472 -0.0035270352799482
 -0.011254293384816 0.0095411267304413
 -0.009090816232165 0.0078194672835822
 -0.00025022292053478 0.00014196940785599
 -0.0038495889619625 0.0032246814215674
 0.020089618410474 -0.0029753900670922
 -0.010022916985632 0.0088532671955554
 -0.0052751647933889 0.0044957099720315
 0.015911360344042 -0.0024810494424479
 -0.008280142766937 0.0074278223457637
 -0.0065650360459273 0.005688146367574
 -0.0011679215600253 0.00091504239566714
 -3.2233324127162e-05 -4.3930408537896e-05
 -0.0091258770655589 0.00837109092894
 -0.0076203104458088 0.0067177670049529
 -0.008707810626694 0.007973010818155
 0.011663564023443 -0.0019549339898629
 -0.0024259788078709 0.0019875648292733
 -0.0083581951571432 0.0075054119247806
 -0.007770359996071 0.0072359820788775
 -2.9461578158418e-05 6.1866644514019e-06
 -0.00017319188581055 0.00014209124914177
 -7.8445006444383e-05 9.2250607967026e-06
 -0.0073012872706553 0.0069217028427311
 -0.0080944193357659 0.0076495683042306
 0.0077688670627758 -0.0013960432540649
 -0.00011570364210201 -2.2174440951983e-05
 5.4560231355083e-06 -2.3556663197644e-05
 -0.00017920816312866 0.00012617576987417
 -6.4226783301535e-05 -1.9777886360317e-05
 -0.0085403279245231 0.007976691876218
 -9.3725221173457e-05 -1.7987059587554e-05
 -2.8528293206875e-05 -1.691620723665e-05
 -0.0068919087170638 0.0065919925717524
 -0.0074573922334711 0.0069355551428478
 0.00056025930916803 -9.3203536190523e-05
 -8.8792321800923e-05 -4.0011619818814e-05
 -0.0062994509413468 0.0060780202530817
 0.0045052025548706 -0.00087272338045546
 0.00010342857811807 0.00018366393693192
 -0.0061934035634774 0.005934733983488
 -0.0057804448844614 0.0056464148607205
 0.0020492472753801 -0.00043903502321346
 0.00048578241242936 5.1292631913502e-05
 1.9411036003447e-05 -5.7676474533808e-05
 0.00037291407727835 0.00027704484289959
 0.0002001106451921 -5.8855919893297e-05
