0 0 
0 0 
0 0 

0 0 
0 0 
0 0 

0 0 
0 0 
0 0 

0 0 
0 0 
0 0 

0 0 
0 0 
0 0 

0 0 
0 0 
0 0 

0 0 
0 0 
0 0 

0 0 
0 0 
0 0 

0 0 
0 0 
0 0 

0 0 
0 0 
0 0 

0 0 
0 0 
0 0 

0 0 
0 0 
0 0 

0 0 
0 0 
0 0 

0 0 
0 0 
0 0 

0 0 
0 0 
0 0 

0 0 
0 0 
0 0 

0 0 
0 0 
0 0 

0 0 
0 0 
0 0 

0 0 
0 0 
0 0 

0 0 
0 0 
0 0 

0 0 
0 0 
0 0 

0 0 
0 0 
0 0 

0 0 
0 0 
0 0 

0 0 
0 0 
0 0 

0 0 
0 0 
0 0 

0 0 
0 0 
0 0 

0 0 
0 0 
0 0 

0 0 
0 0 
0 0 

0 0 
0 0 
0 0 

0 0 
0 0 
0 0 

0 0 
0 0 
0 0 

0 0 
0 0 
0 0 

0 0 
0 0 
0 0 

0 0 
0 0 
0 0 

0 0 
0 0 
0 0 

0 0 
0 0 
0 0 

0 0 
0 0 
0 0 

0 -0.00773083 
0 0.000441371 
0 0.00730745 

0 -0.00723275 
0 0.00767444 
0 -0.000458926 

0 -0.22448 
0 0.220069 
0 0.00549919 

0 -0.914425 
0 0.891892 
0 0.0269323 

0 -1.93689 
0 -0.0804693 
0 2.00865 

0 -26.1167 
0 -27.4278 
0 53.5312 

0 -2.58662 
0 -0.139419 
0 2.71554 

0 -33.0897 
0 -34.606 
0 67.6769 

0 -5.08464 
0 4.3465 
0 0.746161 

0 0.359036 
0 0.811346 
0 -1.16835 

0 -29.1452 
0 -30.4108 
0 59.538 

0 1.14737 
0 1.19476 
0 -2.33994 

0 0.288642 
0 -0.263786 
0 -0.0256498 

0 0.228756 
0 -0.211554 
0 -0.0178813 

0 -0.043418 
0 -0.491888 
0 0.534299 

0 0.0489233 
0 0.576168 
0 -0.623804 

0 0.0872773 
0 0.00567562 
0 -0.0928508 

0 0.265632 
0 2.4167 
0 -2.67743 

0 5.34007 
0 -4.70668 
0 -0.644554 

0 0.846051 
0 -0.845758 
0 9.78064e-10 

0 2.85243 
0 0.187792 
0 -3.02838 

0 1.43956 
0 -3.58406e-09 
0 -1.43905 

0 1.43956 
0 -1.43905 
0 5.05587e-09 

0 39.1678 
0 -78.367 
0 39.2266 

0 1.43956 
0 5.05587e-09 
0 -1.43905 

0 1.43956 
0 -1.43905 
0 -3.58406e-09 

0 43.5752 
0 -87.1196 
0 43.5752 

0 0.846047 
0 9.7806e-10 
0 -0.845755 

0 5.5045 
0 -0.745262 
0 -4.76903 

0 -0.694462 
0 2.10118 
0 -1.41138 

0 39.2265 
0 -78.3669 
0 39.1678 

0 -1.49157 
0 2.89479 
0 -1.40621 

0 0.244157 
0 -0.271244 
0 0.0277281 

0 0.288618 
0 -0.0256477 
0 -0.263764 

0 0.0250094 
0 -0.266024 
0 0.241721 

0 0.231179 
0 -0.0192937 
0 -0.212505 

0 -2.04736 
0 2.1915 
0 -0.151169 

0 -1.95404 
0 0.111849 
0 1.8494 

0 -0.143036 
0 2.18303 
0 -2.0476 

0 0.11676 
0 -1.95621 
0 1.84613 

0 -2.4898 
0 0.111118 
0 2.38927 

0 -2.5983 
0 2.72219 
0 -0.13511 

0 0.113897 
0 -2.48178 
0 2.3778 

0 -30.411 
0 -29.1454 
0 59.5384 

0 -1.8768 
0 0.0674071 
0 1.81807 

0 -1.94752 
0 2.01733 
0 -0.0790231 

0 0.068355 
0 -1.86833 
0 1.80818 

0 -34.6063 
0 -33.0899 
0 67.6774 

0 1.19476 
0 1.14737 
0 -2.33995 

0 -0.938493 
0 0.965061 
0 -0.0310107 

0 -0.0307032 
0 0.969416 
0 -0.943379 

0 -0.910258 
0 0.0271242 
0 0.887322 

0 0.00567122 
0 0.0872479 
0 -0.092817 

0 -2.67745 
0 2.41671 
0 0.265634 

0 0.746166 
0 4.34653 
0 -5.08468 

0 -27.4281 
0 -26.1169 
0 53.5316 

0 0.811357 
0 0.35904 
0 -1.16836 

0 -0.229417 
0 0.234478 
0 -0.00616536 

0 -0.00613793 
0 0.235486 
0 -0.230501 

0 -0.223513 
0 0.00551226 
0 0.219043 

0 -0.491894 
0 -0.0434185 
0 0.534305 

0 -0.623803 
0 0.576167 
0 0.0489231 

0 -0.00723275 
0 -0.000458926 
0 0.00767444 

0 -0.00773083 
0 0.00730745 
0 0.00044137 

0 0 
0 0 
0 0 

0 0 
0 0 
0 0 

0 0 
0 0 
0 0 

0 0.187792 
0 2.85242 
0 -3.02837 

0 0 
0 0 
0 0 

0 0 
0 0 
0 0 

0 0 
0 0 
0 0 

0 0 
0 0 
0 0 

0 0 
0 0 
0 0 

0 0 
0 0 
0 0 

0 0 
0 0 
0 0 

0 0 
0 0 
0 0 

0 0 
0 0 
0 0 

0 0 
0 0 
0 0 

0 0 
0 0 
0 0 

0 0 
0 0 
0 0 

0 0 
0 0 
0 0 

0 0 
0 0 
0 0 

0 0 
0 0 
0 0 

0 0 
0 0 
0 0 

0 0 
0 0 
0 0 

0 0 
0 0 
0 0 

0 0 
0 0 
0 0 

0 0 
0 0 
0 0 

0 0 
0 0 
0 0 

0 0 
0 0 
0 0 

0 0 
0 0 
0 0 

0 0 
0 0 
0 0 

0 0 
0 0 
0 0 

0 0 
0 0 
0 0 

0 0 
0 0 
0 0 

0 0 
0 0 
0 0 

0 0 
0 0 
0 0 

0 0 
0 0 
0 0 

0 0 
0 0 
0 0 

0 0 
0 0 
0 0 

0 0 
0 0 
0 0 

0 0 
0 0 
0 0 

0 0 
0 0 
0 0 

0 0 
0 0 
0 0 

0 0 
0 0 
0 0 

0 0 
0 0 
0 0 

0 0 
0 0 
0 0 

0 0 
0 0 
0 0 

0 0 
0 0 
0 0 

0 0 
0 0 
0 0 

0 0 
0 0 
0 0 

0 0 
0 0 
0 0 

0 0 
0 0 
0 0 

0 0 
0 0 
0 0 

0 0 
0 0 
0 0 

0 0 
0 0 
0 0 

0 0 
0 0 
0 0 

0 0 
0 0 
0 0 

0 0 
0 0 
0 0 

0 0 
0 0 
0 0 

0 0 
0 0 
0 0 

0 0 
0 0 
0 0 

0 0 
0 0 
0 0 

0 0 
0 0 
0 0 

0 0 
0 0 
0 0 

0 0 
0 0 
0 0 

0 0 
0 0 
0 0 

0 0 
0 0 
0 0 

0 0 
0 0 
0 0 

0 0 
0 0 
0 0 

0 0 
0 0 
0 0 

0 0 
0 0 
0 0 

0 0 
0 0 
0 0 

0 0 
0 0 
0 0 

0 0 
0 0 
0 0 

0 0 
0 0 
0 0 

0 0 
0 0 
0 0 

0 0 
0 0 
0 0 

0 0 
0 0 
0 0 

0 0 
0 0 
0 0 

0 0 
0 0 
0 0 

0 0 
0 0 
0 0 

0 0 
0 0 
0 0 

0 0 
0 0 
0 0 

0 0 
0 0 
0 0 

0 0 
0 0 
0 0 

0 0 
0 0 
0 0 

0 0 
0 0 
0 0 

0 0 
0 0 
0 0 

0 0 
0 0 
0 0 

0 0 
0 0 
0 0 

0 0 
0 0 
0 0 

0 0 
0 0 
0 0 

0 0 
0 0 
0 0 

0 0 
0 0 
0 0 

0 0 
0 0 
0 0 

0 0 
0 0 
0 0 

0 0 
0 0 
0 0 

0 0 
0 0 
0 0 

0 0 
0 0 
0 0 

0 0 
0 0 
0 0 

0 0 
0 0 
0 0 

0 0 
0 0 
0 0 

0 0 
0 0 
0 0 

0 0 
0 0 
0 0 

0 0 
0 0 
0 0 

0 0 
0 0 
0 0 

0 0 
0 0 
0 0 

0 0 
0 0 
0 0 

0 0 
0 0 
0 0 

0 0 
0 0 
0 0 

0 0 
0 0 
0 0 

0 0 
0 0 
0 0 

0 0 
0 0 
0 0 

0 0 
0 0 
0 0 

0 0 
0 0 
0 0 

0 0 
0 0 
0 0 

0 0 
0 0 
0 0 

0 0 
0 0 
0 0 

0 0 
0 0 
0 0 

0 0 
0 0 
0 0 

0 0 
0 0 
0 0 

0 0 
0 0 
0 0 

0 0 
0 0 
0 0 

0 0 
0 0 
0 0 

0 0 
0 0 
0 0 

0 0 
0 0 
0 0 

0 0 
0 0 
0 0 

0 0 
0 0 
0 0 

0 0 
0 0 
0 0 

0 0 
0 0 
0 0 

0 0 
0 0 
0 0 

0 0 
0 0 
0 0 

0 0 
0 0 
0 0 

0 0 
0 0 
0 0 

0 0 
0 0 
0 0 

0 0 
0 0 
0 0 

0 0 
0 0 
0 0 

0 0 
0 0 
0 0 

0 0 
0 0 
0 0 

0 0 
0 0 
0 0 

0 0 
0 0 
0 0 

0 0 
0 0 
0 0 

0 0 
0 0 
0 0 

0 0 
0 0 
0 0 

0 0 
0 0 
0 0 

0 0 
0 0 
0 0 

0 0 
0 0 
0 0 

0 0 
0 0 
0 0 

0 0 
0 0 
0 0 

0 0 
0 0 
0 0 

0 0 
0 0 
0 0 

0 0 
0 0 
0 0 

0 0 
0 0 
0 0 

0 0 
0 0 
0 0 

0 0 
0 0 
0 0 

0 0 
0 0 
0 0 

0 0 
0 0 
0 0 

0 0 
0 0 
0 0 

0 0 
0 0 
0 0 

0 0 
0 0 
0 0 

0 0 
0 0 
0 0 

0 0 
0 0 
0 0 

0 0 
0 0 
0 0 

0 0 
0 0 
0 0 

0 0 
0 0 
0 0 

0 0 
0 0 
0 0 

0 0 
0 0 
0 0 

0 0 
0 0 
0 0 

0 0 
0 0 
0 0 

0 0 
0 0 
0 0 

0 0 
0 0 
0 0 

0 0 
0 0 
0 0 

0 0 
0 0 
0 0 

0 0 
0 0 
0 0 

0 0 
0 0 
0 0 

0 0 
0 0 
0 0 

0 0 
0 0 
0 0 

0 0 
0 0 
0 0 

0 0 
0 0 
0 0 

0 0 
0 0 
0 0 

0 0 
0 0 
0 0 

0 0 
0 0 
0 0 

0 0 
0 0 
0 0 

0 0 
0 0 
0 0 

0 0 
0 0 
0 0 

0 0 
0 0 
0 0 

0 0 
0 0 
0 0 

0 0 
0 0 
0 0 

0 0 
0 0 
0 0 

0 0 
0 0 
0 0 

0 0 
0 0 
0 0 

0 0 
0 0 
0 0 

0 0 
0 0 
0 0 

0 0 
0 0 
0 0 

0 0 
0 0 
0 0 

0 0 
0 0 
0 0 

0 0 
0 0 
0 0 

0 0 
0 0 
0 0 

0 0 
0 0 
0 0 

0 0 
0 0 
0 0 

0 0 
0 0 
0 0 

0 0 
0 0 
0 0 

0 0 
0 0 
0 0 

0 0 
0 0 
0 0 

0 0 
0 0 
0 0 

0 0 
0 0 
0 0 

0 0 
0 0 
0 0 

0 0 
0 0 
0 0 

0 0 
0 0 
0 0 

0 0 
0 0 
0 0 

0 0 
0 0 
0 0 

0 0 
0 0 
0 0 

0 0 
0 0 
0 0 

0 0 
0 0 
0 0 

0 0 
0 0 
0 0 

0 0 
0 0 
0 0 

0 0 
0 0 
0 0 

0 0 
0 0 
0 0 

0 0 
0 0 
0 0 

0 0 
0 0 
0 0 

0 0 
0 0 
0 0 

0 0 
0 0 
0 0 

0 0 
0 0 
0 0 

0 0 
0 0 
0 0 

0 0 
0 0 
0 0 

0 0 
0 0 
0 0 

0 0 
0 0 
0 0 

0 0 
0 0 
0 0 

0 0 
0 0 
0 0 

0 0 
0 0 
0 0 

0 0 
0 0 
0 0 

0 0 
0 0 
0 0 

0 0 
0 0 
0 0 

0 0 
0 0 
0 0 

0 0 
0 0 
0 0 

0 0 
0 0 
0 0 

0 0 
0 0 
0 0 

0 0 
0 0 
0 0 

0 0 
0 0 
0 0 

0 0 
0 0 
0 0 

0 0 
0 0 
0 0 

0 0 
0 0 
0 0 

0 0 
0 0 
0 0 

0 0 
0 0 
0 0 

0 0 
0 0 
0 0 

0 0 
0 0 
0 0 

0 0 
0 0 
0 0 

0 0 
0 0 
0 0 

0 0 
0 0 
0 0 

0 0 
0 0 
0 0 

0 0 
0 0 
0 0 

0 0 
0 0 
0 0 

0 0 
0 0 
0 0 

0 0 
0 0 
0 0 

0 0 
0 0 
0 0 

0 0 
0 0 
0 0 

0 0 
0 0 
0 0 

0 0 
0 0 
0 0 

0 0 
0 0 
0 0 

0 0 
0 0 
0 0 

0 0 
0 0 
0 0 

0 0 
0 0 
0 0 

0 0 
0 0 
0 0 

0 0 
0 0 
0 0 

0 0 
0 0 
0 0 

0 0 
0 0 
0 0 

0 0 
0 0 
0 0 

0 0 
0 0 
0 0 

0 0 
0 0 
0 0 

0 0 
0 0 
0 0 

0 0 
0 0 
0 0 

0 0 
0 0 
0 0 

0 0 
0 0 
0 0 

0 0 
0 0 
0 0 

0 0 
0 0 
0 0 

0 0 
0 0 
0 0 

0 0 
0 0 
0 0 

0 0 
0 0 
0 0 

0 0 
0 0 
0 0 

0 0 
0 0 
0 0 

0 0 
0 0 
0 0 

0 0 
0 0 
0 0 

0 0 
0 0 
0 0 

0 0 
0 0 
0 0 

0 0 
0 0 
0 0 

0 0 
0 0 
0 0 

0 0 
0 0 
0 0 

0 0 
0 0 
0 0 

0 1.15905e-09 
0 0.000585293 
0 -1.1601e-09 

0 -7.04791e-12 
0 -0.00431517 
0 0.00461773 

0 0 
0 0 
0 0 

0 0 
0 0 
0 0 

0 0 
0 0 
0 0 

0 0 
0 0 
0 0 

0 0 
0 0 
0 0 

0 0 
0 0 
0 0 

0 0 
0 0 
0 0 

0 0 
0 0 
0 0 

0 0 
0 0 
0 0 

0 0 
0 0 
0 0 

0 0 
0 0 
0 0 

0 0 
0 0 
0 0 

0 -4.81868e-09 
0 4.78751e-09 
0 0.00101462 

0 4.34802e-09 
0 0.00101462 
0 -4.38202e-09 

0 0 
0 0 
0 0 

0 0 
0 0 
0 0 

0 0 
0 0 
0 0 

0 0 
0 0 
0 0 

0 0 
0 0 
0 0 

0 0 
0 0 
0 0 

0 0 
0 0 
0 0 

0 0 
0 0 
0 0 

0 0 
0 0 
0 0 

0 0 
0 0 
0 0 

0 0 
0 0 
0 0 

0 0 
0 0 
0 0 

0 4.34802e-09 
0 -4.38202e-09 
0 0.00101461 

0 -4.81867e-09 
0 0.00101461 
0 4.78751e-09 

0 0 
0 0 
0 0 

0 0 
0 0 
0 0 

0 0 
0 0 
0 0 

0 0 
0 0 
0 0 

0 0 
0 0 
0 0 

0 0 
0 0 
0 0 

0 0 
0 0 
0 0 

0 0 
0 0 
0 0 

0 0 
0 0 
0 0 

0 0 
0 0 
0 0 

0 0 
0 0 
0 0 

0 0 
0 0 
0 0 

0 0 
0 0 
0 0 

0 1.15905e-09 
0 -1.16009e-09 
0 0.000585291 

0 0 
0 0 
0 0 

0 -7.04788e-12 
0 0.00461771 
0 -0.00431515 

0 0 
0 0 
0 0 

0 0 
0 0 
0 0 

0 0 
0 0 
0 0 

0 0 
0 0 
0 0 

0 0 
0 0 
0 0 

0 0 
0 0 
0 0 

0 0 
0 0 
0 0 

0 0 
0 0 
0 0 

0 0 
0 0 
0 0 

0 0 
0 0 
0 0 

0 0 
0 0 
0 0 

0 0 
0 0 
0 0 

0 0 
0 0 
0 0 

0 0 
0 0 
0 0 

0 0 
0 0 
0 0 

0 0 
0 0 
0 0 

0 0 
0 0 
0 0 

0 0 
0 0 
0 0 

0 0 
0 0 
0 0 

0 0 
0 0 
0 0 

0 0 
0 0 
0 0 

0 0 
0 0 
0 0 

0 0 
0 0 
0 0 

0 0 
0 0 
0 0 

0 0 
0 0 
0 0 

0 0 
0 0 
0 0 

0 0 
0 0 
0 0 

0 0 
0 0 
0 0 

0 0 
0 0 
0 0 

0 0 
0 0 
0 0 

0 0 
0 0 
0 0 

0 0 
0 0 
0 0 

0 0 
0 0 
0 0 

0 0 
0 0 
0 0 

0 0 
0 0 
0 0 

0 0 
0 0 
0 0 

0 0 
0 0 
0 0 

0 0 
0 0 
0 0 

0 0 
0 0 
0 0 

0 0 
0 0 
0 0 

0 0 
0 0 
0 0 

0 0 
0 0 
0 0 

0 0 
0 0 
0 0 

0 0 
0 0 
0 0 

0 0 
0 0 
0 0 

0 0 
0 0 
0 0 

0 0 
0 0 
0 0 

0 0 
0 0 
0 0 

0 0 
0 0 
0 0 

0 0 
0 0 
0 0 

0 0 
0 0 
0 0 

0 0 
0 0 
0 0 

0 0 
0 0 
0 0 

0 0 
0 0 
0 0 

0 0 
0 0 
0 0 

0 0 
0 0 
0 0 

0 0 
0 0 
0 0 

0 0 
0 0 
0 0 

0 0 
0 0 
0 0 

0 0 
0 0 
0 0 

0 0 
0 0 
0 0 

0 0 
0 0 
0 0 

0 0 
0 0 
0 0 

0 0 
0 0 
0 0 

0 0 
0 0 
0 0 

0 0 
0 0 
0 0 

0 0 
0 0 
0 0 

0 0 
0 0 
0 0 

0 0 
0 0 
0 0 

0 0 
0 0 
0 0 

0 0 
0 0 
0 0 

0 0 
0 0 
0 0 

0 0 
0 0 
0 0 

0 0 
0 0 
0 0 

0 0 
0 0 
0 0 

0 0 
0 0 
0 0 

0 0 
0 0 
0 0 

0 0 
0 0 
0 0 

0 0 
0 0 
0 0 

0 0 
0 0 
0 0 

0 0 
0 0 
0 0 

0 0 
0 0 
0 0 

0 0 
0 0 
0 0 

0 0 
0 0 
0 0 

0 0 
0 0 
0 0 

0 0 
0 0 
0 0 

0 0 
0 0 
0 0 

0 0 
0 0 
0 0 

0 0 
0 0 
0 0 

0 0 
0 0 
0 0 

0 0 
0 0 
0 0 

0 0 
0 0 
0 0 

0 0 
0 0 
0 0 

0 0 
0 0 
0 0 

0 0 
0 0 
0 0 

0 0 
0 0 
0 0 

0 0 
0 0 
0 0 

0 0 
0 0 
0 0 

0 0 
0 0 
0 0 

0 0 
0 0 
0 0 

0 0 
0 0 
0 0 

0 0 
0 0 
0 0 

0 0 
0 0 
0 0 

0 0 
0 0 
0 0 

0 0 
0 0 
0 0 

0 0 
0 0 
0 0 

0 0 
0 0 
0 0 

0 0 
0 0 
0 0 

0 0 
0 0 
0 0 

